service_id,monday,tuesday,wednesday,thursday,friday,saturday,sunday,start_date,end_date
203_7_1,0,0,0,0,0,0,0,20220710,20220723
406_6_1,0,0,0,0,0,0,0,20220710,20220723
8_2_1,0,0,0,0,0,0,0,20220710,20220723
117_5_1,0,0,0,0,0,0,0,20220710,20220723
209_1,0,0,0,0,0,0,0,20220710,20220723
116_2_1,0,0,0,0,0,0,0,20220710,20220723
113_4_1,0,0,0,0,0,0,0,20220710,20220723
229_1_1,0,0,0,0,0,0,0,20220710,20220723
3011_1_1,0,0,0,0,0,0,0,20220710,20220723
2011_1_1,0,0,0,0,0,0,0,20220710,20220723
702_1,0,0,0,0,0,0,0,20220710,20220723
6032_1,0,0,0,0,0,0,0,20220710,20220723
714_1,0,0,0,0,0,0,0,20220710,20220723
111_6_1,0,0,0,0,0,0,0,20220710,20220723
423_1_1,0,0,0,0,0,0,0,20220710,20220723
208_6_1,0,0,0,0,0,0,0,20220710,20220723
2052_1_1,0,0,0,0,0,0,0,20220710,20220723
217_5_1,0,0,0,0,0,0,0,20220710,20220723
6081_1,0,0,0,0,0,0,0,20220710,20220723
113_7_1,0,0,0,0,0,0,0,20220710,20220723
410_2_1,0,0,0,0,0,0,0,20220710,20220723
305_3_1,0,0,0,0,0,0,0,20220710,20220723
104_3_1,0,0,0,0,0,0,0,20220710,20220723
112_5_1,0,0,0,0,0,0,0,20220710,20220723
218_3_1,0,0,0,0,0,0,0,20220710,20220723
124_1_1,0,0,0,0,0,0,0,20220710,20220723
707_1,0,0,0,0,0,0,0,20220710,20220723
16_1,0,0,0,0,0,0,0,20220710,20220723
413_3_1,0,0,0,0,0,0,0,20220710,20220723
101_3_1,0,0,0,0,0,0,0,20220710,20220723
122_2_1,0,0,0,0,0,0,0,20220710,20220723
217_4_1,0,0,0,0,0,0,0,20220710,20220723
217_3_1,0,0,0,0,0,0,0,20220710,20220723
3091_1_1,0,0,0,0,0,0,0,20220710,20220723
2042_1_1,0,0,0,0,0,0,0,20220710,20220723
34_1_1,0,0,0,0,0,0,0,20220710,20220723
234_1_1,0,0,0,0,0,0,0,20220710,20220723
30_1_1,0,0,0,0,0,0,0,20220710,20220723
146_1_1,0,0,0,0,0,0,0,20220710,20220723
147_1_1,0,0,0,0,0,0,0,20220710,20220723
136_1_1,0,0,0,0,0,0,0,20220710,20220723
Rail SaSu+Hol-Xmas (WRL)_1,0,0,0,0,0,0,0,20220710,20220723
301_3_1,0,0,0,0,0,0,0,20220710,20220723
28_1,0,0,0,0,0,0,0,20220710,20220723
44_1,0,0,0,0,0,0,0,20220710,20220723
515_1_1,0,0,0,0,0,0,0,20220710,20220723
8081_1,0,0,0,0,0,0,0,20220710,20220723
3141_1_1,0,0,0,0,0,0,0,20220710,20220723
7052_1,0,0,0,0,0,0,0,20220710,20220723
1011_1_1,0,0,0,0,0,0,0,20220710,20220723
207_7_1,0,0,0,0,0,0,0,20220710,20220723
41_1_1,0,0,0,0,0,0,0,20220710,20220723
140_1_1,0,0,0,0,0,0,0,20220710,20220723
43_1,0,0,0,0,0,0,0,20220710,20220723
48_1,0,0,0,0,0,0,0,20220710,20220723
307_3_1,0,0,0,0,0,0,0,20220710,20220723
40_3_1,0,0,0,0,0,0,0,20220710,20220723
402_3_1,0,0,0,0,0,0,0,20220710,20220723
78_1,0,0,0,0,0,0,0,20220710,20220723
1_2_1,0,0,0,0,0,0,0,20220710,20220723
3123_1_1,0,0,0,0,0,0,0,20220710,20220723
2_1,0,0,0,0,0,0,0,20220710,20220723
219_3_1,0,0,0,0,0,0,0,20220710,20220723
7042_1,0,0,0,0,0,0,0,20220710,20220723
205_5_1,0,0,0,0,0,0,0,20220710,20220723
83_1,0,0,0,0,0,0,0,20220710,20220723
6161_1,0,0,0,0,0,0,0,20220710,20220723
231_1_1,0,0,0,0,0,0,0,20220710,20220723
109_5_1,0,0,0,0,0,0,0,20220710,20220723
233_1_1,0,0,0,0,0,0,0,20220710,20220723
304_4_1,0,0,0,0,0,0,0,20220710,20220723
302_3_1,0,0,0,0,0,0,0,20220710,20220723
108_6_1,0,0,0,0,0,0,0,20220710,20220723
37_3_1,0,0,0,0,0,0,0,20220710,20220723
719_1,0,0,0,0,0,0,0,20220710,20220723
3162_1_1,0,0,0,0,0,0,0,20220710,20220723
403_5_1,0,0,0,0,0,0,0,20220710,20220723
311_2_1,0,0,0,0,0,0,0,20220710,20220723
1_1,0,0,0,0,0,0,0,20220710,20220723
3161_1_1,0,0,0,0,0,0,0,20220710,20220723
8101_1,0,0,0,0,0,0,0,20220710,20220723
6011_1,0,0,0,0,0,0,0,20220710,20220723
601_4_1,0,0,0,0,0,0,0,20220710,20220723
417_3_1,0,0,0,0,0,0,0,20220710,20220723
310_3_1,0,0,0,0,0,0,0,20220710,20220723
1051_1_1,0,0,0,0,0,0,0,20220710,20220723
511_2_1,0,0,0,0,0,0,0,20220710,20220723
66_1,0,0,0,0,0,0,0,20220710,20220723
311_3_1,0,0,0,0,0,0,0,20220710,20220723
118_4_1,0,0,0,0,0,0,0,20220710,20220723
7082_1,0,0,0,0,0,0,0,20220710,20220723
202_6_1,0,0,0,0,0,0,0,20220710,20220723
214_5_1,0,0,0,0,0,0,0,20220710,20220723
306_7_1,0,0,0,0,0,0,0,20220710,20220723
26_1,0,0,0,0,0,0,0,20220710,20220723
516_3_1,0,0,0,0,0,0,0,20220710,20220723
213_5_1,0,0,0,0,0,0,0,20220710,20220723
901_1_1,0,0,0,0,0,0,0,20220710,20220723
236_1_1,0,0,0,0,0,0,0,20220710,20220723
155_1,0,0,0,0,0,0,0,20220710,20220723
507_3_1,0,0,0,0,0,0,0,20220710,20220723
129_1_1,0,0,0,0,0,0,0,20220710,20220723
312_6_1,0,0,0,0,0,0,0,20220710,20220723
1062_1_1,0,0,0,0,0,0,0,20220710,20220723
19_1_1,0,0,0,0,0,0,0,20220710,20220723
102_6_1,0,0,0,0,0,0,0,20220710,20220723
59_1,0,0,0,0,0,0,0,20220710,20220723
WHF Sa_1,0,0,0,0,0,0,0,20220710,20220723
1052_1_1,0,0,0,0,0,0,0,20220710,20220723
10_1,0,0,0,0,0,0,0,20220710,20220723
205_1,0,0,0,0,0,0,0,20220710,20220723
43_2_1,0,0,0,0,0,0,0,20220710,20220723
514_1_1,0,0,0,0,0,0,0,20220710,20220723
104_5_1,0,0,0,0,0,0,0,20220710,20220723
418_3_1,0,0,0,0,0,0,0,20220710,20220723
409_5_1,0,0,0,0,0,0,0,20220710,20220723
39_2_1,0,0,0,0,0,0,0,20220710,20220723
112_6_1,0,0,0,0,0,0,0,20220710,20220723
130_1_1,0,0,0,0,0,0,0,20220710,20220723
502_5_1,0,0,0,0,0,0,0,20220710,20220723
2102_1_1,0,0,0,0,0,0,0,20220710,20220723
214_4_1,0,0,0,0,0,0,0,20220710,20220723
8092_1,0,0,0,0,0,0,0,20220710,20220723
223_1_1,0,0,0,0,0,0,0,20220710,20220723
115_5_1,0,0,0,0,0,0,0,20220710,20220723
7071_1,0,0,0,0,0,0,0,20220710,20220723
6101_1,0,0,0,0,0,0,0,20220710,20220723
CCL MTuWThF-XHol_1,0,0,0,0,0,0,0,20220710,20220723
3222_1_1,0,0,0,0,0,0,0,20220710,20220723
8091_1,0,0,0,0,0,0,0,20220710,20220723
150_1,0,0,0,0,0,0,0,20220710,20220723
6_3_1,0,0,0,0,0,0,0,20220710,20220723
306_4_1,0,0,0,0,0,0,0,20220710,20220723
210_6_1,0,0,0,0,0,0,0,20220710,20220723
3_2_1,0,0,0,0,0,0,0,20220710,20220723
29_2_1,0,0,0,0,0,0,0,20220710,20220723
232_1_1,0,0,0,0,0,0,0,20220710,20220723
32_1,0,0,0,0,0,0,0,20220710,20220723
220_3_1,0,0,0,0,0,0,0,20220710,20220723
65_1,0,0,0,0,0,0,0,20220710,20220723
143_1_1,0,0,0,0,0,0,0,20220710,20220723
25_3_1,0,0,0,0,0,0,0,20220710,20220723
3031_1_1,0,0,0,0,0,0,0,20220710,20220723
21_3_1,0,0,0,0,0,0,0,20220710,20220723
305_5_1,0,0,0,0,0,0,0,20220710,20220723
151_1,0,0,0,0,0,0,0,20220710,20220723
421_1_1,0,0,0,0,0,0,0,20220710,20220723
413_2_1,0,0,0,0,0,0,0,20220710,20220723
137_1_1,0,0,0,0,0,0,0,20220710,20220723
111_7_1,0,0,0,0,0,0,0,20220710,20220723
13_4_1,0,0,0,0,0,0,0,20220710,20220723
Rail MTuWThF-XHol_1,0,0,0,0,0,0,0,20220710,20220723
212_3_1,0,0,0,0,0,0,0,20220710,20220723
19_2_1,0,0,0,0,0,0,0,20220710,20220723
8_1,0,0,0,0,0,0,0,20220710,20220723
513_5_1,0,0,0,0,0,0,0,20220710,20220723
11_2_1,0,0,0,0,0,0,0,20220710,20220723
3271_1_1,0,0,0,0,0,0,0,20220710,20220723
35_3_1,0,0,0,0,0,0,0,20220710,20220723
506_4_1,0,0,0,0,0,0,0,20220710,20220723
36_1,0,0,0,0,0,0,0,20220710,20220723
206_8_1,0,0,0,0,0,0,0,20220710,20220723
54_1,0,0,0,0,0,0,0,20220710,20220723
4_3_1,0,0,0,0,0,0,0,20220710,20220723
407_4_1,0,0,0,0,0,0,0,20220710,20220723
3061_1_1,0,0,0,0,0,0,0,20220710,20220723
221_3_1,0,0,0,0,0,0,0,20220710,20220723
3192_1_1,0,0,0,0,0,0,0,20220710,20220723
103_6_1,0,0,0,0,0,0,0,20220710,20220723
61_1,0,0,0,0,0,0,0,20220710,20220723
505_3_1,0,0,0,0,0,0,0,20220710,20220723
142_1_1,0,0,0,0,0,0,0,20220710,20220723
317_3_1,0,0,0,0,0,0,0,20220710,20220723
3171_1_1,0,0,0,0,0,0,0,20220710,20220723
71_1,0,0,0,0,0,0,0,20220710,20220723
414_3_1,0,0,0,0,0,0,0,20220710,20220723
77_1,0,0,0,0,0,0,0,20220710,20220723
518_1_1,0,0,0,0,0,0,0,20220710,20220723
410_3_1,0,0,0,0,0,0,0,20220710,20220723
103_5_1,0,0,0,0,0,0,0,20220710,20220723
122_1_1,0,0,0,0,0,0,0,20220710,20220723
38_2_1,0,0,0,0,0,0,0,20220710,20220723
22_2_1,0,0,0,0,0,0,0,20220710,20220723
6_2_1,0,0,0,0,0,0,0,20220710,20220723
41_1,0,0,0,0,0,0,0,20220710,20220723
204_6_1,0,0,0,0,0,0,0,20220710,20220723
8042_1,0,0,0,0,0,0,0,20220710,20220723
204_8_1,0,0,0,0,0,0,0,20220710,20220723
3173_1_1,0,0,0,0,0,0,0,20220710,20220723
33_1,0,0,0,0,0,0,0,20220710,20220723
24_3_1,0,0,0,0,0,0,0,20220710,20220723
412_2_1,0,0,0,0,0,0,0,20220710,20220723
103_4_1,0,0,0,0,0,0,0,20220710,20220723
3021_1_1,0,0,0,0,0,0,0,20220710,20220723
9_3_1,0,0,0,0,0,0,0,20220710,20220723
504_4_1,0,0,0,0,0,0,0,20220710,20220723
41_2_1,0,0,0,0,0,0,0,20220710,20220723
1002_2_1,0,0,0,0,0,0,0,20220710,20220723
50_1,0,0,0,0,0,0,0,20220710,20220723
104_4_1,0,0,0,0,0,0,0,20220710,20220723
307_4_1,0,0,0,0,0,0,0,20220710,20220723
22_1,0,0,0,0,0,0,0,20220710,20220723
203_1,0,0,0,0,0,0,0,20220710,20220723
1061_1_1,0,0,0,0,0,0,0,20220710,20220723
2112_1_1,0,0,0,0,0,0,0,20220710,20220723
604_2_1,0,0,0,0,0,0,0,20220710,20220723
80_1,0,0,0,0,0,0,0,20220710,20220723
36_2_1,0,0,0,0,0,0,0,20220710,20220723
6171_1,0,0,0,0,0,0,0,20220710,20220723
123_1_1,0,0,0,0,0,0,0,20220710,20220723
120_1_1,0,0,0,0,0,0,0,20220710,20220723
306_6_1,0,0,0,0,0,0,0,20220710,20220723
3181_1_1,0,0,0,0,0,0,0,20220710,20220723
135_1_1,0,0,0,0,0,0,0,20220710,20220723
404_3_1,0,0,0,0,0,0,0,20220710,20220723
602_4_1,0,0,0,0,0,0,0,20220710,20220723
34_3_1,0,0,0,0,0,0,0,20220710,20220723
408_5_1,0,0,0,0,0,0,0,20220710,20220723
121_1_1,0,0,0,0,0,0,0,20220710,20220723
7051_1,0,0,0,0,0,0,0,20220710,20220723
202_8_1,0,0,0,0,0,0,0,20220710,20220723
8032_1,0,0,0,0,0,0,0,20220710,20220723
6072_1,0,0,0,0,0,0,0,20220710,20220723
409_4_1,0,0,0,0,0,0,0,20220710,20220723
3131_1_1,0,0,0,0,0,0,0,20220710,20220723
215_3_1,0,0,0,0,0,0,0,20220710,20220723
Rail F-XHol_1,0,0,0,0,0,0,0,20220710,20220723
208_5_1,0,0,0,0,0,0,0,20220710,20220723
20_1_1,0,0,0,0,0,0,0,20220710,20220723
25_2_1,0,0,0,0,0,0,0,20220710,20220723
201_1,0,0,0,0,0,0,0,20220710,20220723
3_3_1,0,0,0,0,0,0,0,20220710,20220723
124_2_1,0,0,0,0,0,0,0,20220710,20220723
215_4_1,0,0,0,0,0,0,0,20220710,20220723
22_3_1,0,0,0,0,0,0,0,20220710,20220723
604_4_1,0,0,0,0,0,0,0,20220710,20220723
10_1_1,0,0,0,0,0,0,0,20220710,20220723
206_6_1,0,0,0,0,0,0,0,20220710,20220723
3371_1_1,0,0,0,0,0,0,0,20220710,20220723
314_1_1,0,0,0,0,0,0,0,20220710,20220723
420_3_1,0,0,0,0,0,0,0,20220710,20220723
207_1,0,0,0,0,0,0,0,20220710,20220723
10_3_1,0,0,0,0,0,0,0,20220710,20220723
117_3_1,0,0,0,0,0,0,0,20220710,20220723
3032_1_1,0,0,0,0,0,0,0,20220710,20220723
703_1,0,0,0,0,0,0,0,20220710,20220723
1031_1_1,0,0,0,0,0,0,0,20220710,20220723
316_1_1,0,0,0,0,0,0,0,20220710,20220723
29_1,0,0,0,0,0,0,0,20220710,20220723
7_2_1,0,0,0,0,0,0,0,20220710,20220723
Rail Sa-XSun_1,0,0,0,0,0,0,0,20220710,20220723
409_3_1,0,0,0,0,0,0,0,20220710,20220723
112_4_1,0,0,0,0,0,0,0,20220710,20220723
20_3_1,0,0,0,0,0,0,0,20220710,20220723
405_3_1,0,0,0,0,0,0,0,20220710,20220723
18_1_1,0,0,0,0,0,0,0,20220710,20220723
21_1,0,0,0,0,0,0,0,20220710,20220723
27_3_1,0,0,0,0,0,0,0,20220710,20220723
3102_1_1,0,0,0,0,0,0,0,20220710,20220723
6012_1,0,0,0,0,0,0,0,20220710,20220723
112_3_1,0,0,0,0,0,0,0,20220710,20220723
710_1,0,0,0,0,0,0,0,20220710,20220723
105_4_1,0,0,0,0,0,0,0,20220710,20220723
605_3_1,0,0,0,0,0,0,0,20220710,20220723
24_1,0,0,0,0,0,0,0,20220710,20220723
16_3_1,0,0,0,0,0,0,0,20220710,20220723
6021_1,0,0,0,0,0,0,0,20220710,20220723
120_2_1,0,0,0,0,0,0,0,20220710,20220723
49_1,0,0,0,0,0,0,0,20220710,20220723
73_1,0,0,0,0,0,0,0,20220710,20220723
6102_1,0,0,0,0,0,0,0,20220710,20220723
9_1_1,0,0,0,0,0,0,0,20220710,20220723
31_1,0,0,0,0,0,0,0,20220710,20220723
8062_1,0,0,0,0,0,0,0,20220710,20220723
2051_1_1,0,0,0,0,0,0,0,20220710,20220723
211_4_1,0,0,0,0,0,0,0,20220710,20220723
8063_1,0,0,0,0,0,0,0,20220710,20220723
84_1,0,0,0,0,0,0,0,20220710,20220723
503_5_1,0,0,0,0,0,0,0,20220710,20220723
8082_1,0,0,0,0,0,0,0,20220710,20220723
1001_3_1,0,0,0,0,0,0,0,20220710,20220723
14_1,0,0,0,0,0,0,0,20220710,20220723
12_2_1,0,0,0,0,0,0,0,20220710,20220723
2091_1_1,0,0,0,0,0,0,0,20220710,20220723
318_1_1,0,0,0,0,0,0,0,20220710,20220723
116_3_1,0,0,0,0,0,0,0,20220710,20220723
208_1,0,0,0,0,0,0,0,20220710,20220723
202_7_1,0,0,0,0,0,0,0,20220710,20220723
12_3_1,0,0,0,0,0,0,0,20220710,20220723
6092_1,0,0,0,0,0,0,0,20220710,20220723
9999_1,0,0,0,0,0,0,0,20220710,20220723
72_1,0,0,0,0,0,0,0,20220710,20220723
308_4_1,0,0,0,0,0,0,0,20220710,20220723
504_3_1,0,0,0,0,0,0,0,20220710,20220723
1021_1_1,0,0,0,0,0,0,0,20220710,20220723
418_2_1,0,0,0,0,0,0,0,20220710,20220723
404_4_1,0,0,0,0,0,0,0,20220710,20220723
8_3_1,0,0,0,0,0,0,0,20220710,20220723
406_4_1,0,0,0,0,0,0,0,20220710,20220723
42_2_1,0,0,0,0,0,0,0,20220710,20220723
224_1_1,0,0,0,0,0,0,0,20220710,20220723
513_4_1,0,0,0,0,0,0,0,20220710,20220723
611_1_1,0,0,0,0,0,0,0,20220710,20220723
106_6_1,0,0,0,0,0,0,0,20220710,20220723
TuTh-XHol_1,0,0,0,0,0,0,0,20220710,20220723
7012_1,0,0,0,0,0,0,0,20220710,20220723
55_1,0,0,0,0,0,0,0,20220710,20220723
406_5_1,0,0,0,0,0,0,0,20220710,20220723
8102_1,0,0,0,0,0,0,0,20220710,20220723
601_3_1,0,0,0,0,0,0,0,20220710,20220723
511_3_1,0,0,0,0,0,0,0,20220710,20220723
127_2_1,0,0,0,0,0,0,0,20220710,20220723
2_3_1,0,0,0,0,0,0,0,20220710,20220723
111_3_1,0,0,0,0,0,0,0,20220710,20220723
704_1,0,0,0,0,0,0,0,20220710,20220723
26_4_1,0,0,0,0,0,0,0,20220710,20220723
19_1,0,0,0,0,0,0,0,20220710,20220723
76_1,0,0,0,0,0,0,0,20220710,20220723
305_4_1,0,0,0,0,0,0,0,20220710,20220723
7041_1_1,0,0,0,0,0,0,0,20220710,20220723
214_3_1,0,0,0,0,0,0,0,20220710,20220723
32_1_1,0,0,0,0,0,0,0,20220710,20220723
315_1_1,0,0,0,0,0,0,0,20220710,20220723
14_1_1,0,0,0,0,0,0,0,20220710,20220723
3042_1_1,0,0,0,0,0,0,0,20220710,20220723
717_1_1,0,0,0,0,0,0,0,20220710,20220723
317_2_1,0,0,0,0,0,0,0,20220710,20220723
402_4_1,0,0,0,0,0,0,0,20220710,20220723
7081_1,0,0,0,0,0,0,0,20220710,20220723
110_4_1,0,0,0,0,0,0,0,20220710,20220723
14_4_1,0,0,0,0,0,0,0,20220710,20220723
109_4_1,0,0,0,0,0,0,0,20220710,20220723
101_5_1,0,0,0,0,0,0,0,20220710,20220723
153_1,0,0,0,0,0,0,0,20220710,20220723
8022_1,0,0,0,0,0,0,0,20220710,20220723
152_1,0,0,0,0,0,0,0,20220710,20220723
1_3_1,0,0,0,0,0,0,0,20220710,20220723
35_1_1,0,0,0,0,0,0,0,20220710,20220723
7032_1,0,0,0,0,0,0,0,20220710,20220723
114_6_1,0,0,0,0,0,0,0,20220710,20220723
28_2_1,0,0,0,0,0,0,0,20220710,20220723
306_5_1,0,0,0,0,0,0,0,20220710,20220723
422_1_1,0,0,0,0,0,0,0,20220710,20220723
110_3_1,0,0,0,0,0,0,0,20220710,20220723
212_5_1,0,0,0,0,0,0,0,20220710,20220723
7022_1,0,0,0,0,0,0,0,20220710,20220723
16_1_1,0,0,0,0,0,0,0,20220710,20220723
3111_1_1,0,0,0,0,0,0,0,20220710,20220723
2081_1_1,0,0,0,0,0,0,0,20220710,20220723
118_1_1,0,0,0,0,0,0,0,20220710,20220723
127_1_1,0,0,0,0,0,0,0,20220710,20220723
125_2_1,0,0,0,0,0,0,0,20220710,20220723
320_1_1,0,0,0,0,0,0,0,20220710,20220723
211_5_1,0,0,0,0,0,0,0,20220710,20220723
36_3_1,0,0,0,0,0,0,0,20220710,20220723
3012_1_1,0,0,0,0,0,0,0,20220710,20220723
56_1,0,0,0,0,0,0,0,20220710,20220723
1001_5_1,0,0,0,0,0,0,0,20220710,20220723
701_2_1,0,0,0,0,0,0,0,20220710,20220723
1041_1_1,0,0,0,0,0,0,0,20220710,20220723
6_1,0,0,0,0,0,0,0,20220710,20220723
17_2_1,0,0,0,0,0,0,0,20220710,20220723
33_3_1,0,0,0,0,0,0,0,20220710,20220723
202_1_1,0,0,0,0,0,0,0,20220710,20220723
8072_1,0,0,0,0,0,0,0,20220710,20220723
3142_1_1,0,0,0,0,0,0,0,20220710,20220723
108_4_1,0,0,0,0,0,0,0,20220710,20220723
309_3_1,0,0,0,0,0,0,0,20220710,20220723
201_6_1,0,0,0,0,0,0,0,20220710,20220723
106_5_1,0,0,0,0,0,0,0,20220710,20220723
503_4_1,0,0,0,0,0,0,0,20220710,20220723
3152_1_1,0,0,0,0,0,0,0,20220710,20220723
6022_1,0,0,0,0,0,0,0,20220710,20220723
23_3_1,0,0,0,0,0,0,0,20220710,20220723
509_2_1,0,0,0,0,0,0,0,20220710,20220723
6051_1,0,0,0,0,0,0,0,20220710,20220723
206_5_1,0,0,0,0,0,0,0,20220710,20220723
19_3_1,0,0,0,0,0,0,0,20220710,20220723
4_1_1,0,0,0,0,0,0,0,20220710,20220723
81_1,0,0,0,0,0,0,0,20220710,20220723
32_2_1,0,0,0,0,0,0,0,20220710,20220723
6061_1,0,0,0,0,0,0,0,20220710,20220723
313_2_1,0,0,0,0,0,0,0,20220710,20220723
3052_1_1,0,0,0,0,0,0,0,20220710,20220723
107_6_1,0,0,0,0,0,0,0,20220710,20220723
3381_1_1,0,0,0,0,0,0,0,20220710,20220723
121_2_1,0,0,0,0,0,0,0,20220710,20220723
6031_1,0,0,0,0,0,0,0,20220710,20220723
1071_1_1,0,0,0,0,0,0,0,20220710,20220723
705_1,0,0,0,0,0,0,0,20220710,20220723
44_1_1,0,0,0,0,0,0,0,20220710,20220723
503_3_1,0,0,0,0,0,0,0,20220710,20220723
237_1_1,0,0,0,0,0,0,0,20220710,20220723
3272_1_1,0,0,0,0,0,0,0,20220710,20220723
1001_4_1,0,0,0,0,0,0,0,20220710,20220723
112_7_1,0,0,0,0,0,0,0,20220710,20220723
309_5_1,0,0,0,0,0,0,0,20220710,20220723
26_2_1,0,0,0,0,0,0,0,20220710,20220723
411_3_1,0,0,0,0,0,0,0,20220710,20220723
2041_1_1,0,0,0,0,0,0,0,20220710,20220723
406_7_1,0,0,0,0,0,0,0,20220710,20220723
113_3_1,0,0,0,0,0,0,0,20220710,20220723
53_1,0,0,0,0,0,0,0,20220710,20220723
2072_1_1,0,0,0,0,0,0,0,20220710,20220723
420_2_1,0,0,0,0,0,0,0,20220710,20220723
708_1,0,0,0,0,0,0,0,20220710,20220723
402_5_1,0,0,0,0,0,0,0,20220710,20220723
219_2_1,0,0,0,0,0,0,0,20220710,20220723
8041_1,0,0,0,0,0,0,0,20220710,20220723
203_5_1,0,0,0,0,0,0,0,20220710,20220723
501_4_1,0,0,0,0,0,0,0,20220710,20220723
205_7_1,0,0,0,0,0,0,0,20220710,20220723
WHF Su+Hol_1,0,0,0,0,0,0,0,20220710,20220723
40_1,0,0,0,0,0,0,0,20220710,20220723
27_1,0,0,0,0,0,0,0,20220710,20220723
126_1_1,0,0,0,0,0,0,0,20220710,20220723
303_5_1,0,0,0,0,0,0,0,20220710,20220723
501_5_1,0,0,0,0,0,0,0,20220710,20220723
508_3_1,0,0,0,0,0,0,0,20220710,20220723
46_1,0,0,0,0,0,0,0,20220710,20220723
115_6_1,0,0,0,0,0,0,0,20220710,20220723
67_1,0,0,0,0,0,0,0,20220710,20220723
111_4_1,0,0,0,0,0,0,0,20220710,20220723
513_3_1,0,0,0,0,0,0,0,20220710,20220723
45_1_1,0,0,0,0,0,0,0,20220710,20220723
2031_1_1,0,0,0,0,0,0,0,20220710,20220723
20_1,0,0,0,0,0,0,0,20220710,20220723
5_1_1,0,0,0,0,0,0,0,20220710,20220723
8071_1,0,0,0,0,0,0,0,20220710,20220723
28_1_1,0,0,0,0,0,0,0,20220710,20220723
8011_1,0,0,0,0,0,0,0,20220710,20220723
3022_1_1,0,0,0,0,0,0,0,20220710,20220723
117_2_1,0,0,0,0,0,0,0,20220710,20220723
126_2_1,0,0,0,0,0,0,0,20220710,20220723
715_1,0,0,0,0,0,0,0,20220710,20220723
2021_1_1,0,0,0,0,0,0,0,20220710,20220723
2_1_1,0,0,0,0,0,0,0,20220710,20220723
2111_1_1,0,0,0,0,0,0,0,20220710,20220723
18_2_1,0,0,0,0,0,0,0,20220710,20220723
1072_1_1,0,0,0,0,0,0,0,20220710,20220723
37_1,0,0,0,0,0,0,0,20220710,20220723
220_2_1,0,0,0,0,0,0,0,20220710,20220723
13_1,0,0,0,0,0,0,0,20220710,20220723
204_4_1,0,0,0,0,0,0,0,20220710,20220723
3101_1_1,0,0,0,0,0,0,0,20220710,20220723
111_8_1,0,0,0,0,0,0,0,20220710,20220723
1012_1_1,0,0,0,0,0,0,0,20220710,20220723
205_4_1,0,0,0,0,0,0,0,20220710,20220723
110_7_1,0,0,0,0,0,0,0,20220710,20220723
79_1,0,0,0,0,0,0,0,20220710,20220723
3211_1_1,0,0,0,0,0,0,0,20220710,20220723
16_2_1,0,0,0,0,0,0,0,20220710,20220723
3112_1_1,0,0,0,0,0,0,0,20220710,20220723
506_5_1,0,0,0,0,0,0,0,20220710,20220723
139_1_1,0,0,0,0,0,0,0,20220710,20220723
4_1,0,0,0,0,0,0,0,20220710,20220723
415_5_1,0,0,0,0,0,0,0,20220710,20220723
37_1_1,0,0,0,0,0,0,0,20220710,20220723
206_1,0,0,0,0,0,0,0,20220710,20220723
702_2_1,0,0,0,0,0,0,0,20220710,20220723
132_1_1,0,0,0,0,0,0,0,20220710,20220723
116_4_1,0,0,0,0,0,0,0,20220710,20220723
3201_1_1,0,0,0,0,0,0,0,20220710,20220723
8031_1,0,0,0,0,0,0,0,20220710,20220723
38_1_1,0,0,0,0,0,0,0,20220710,20220723
3182_1_1,0,0,0,0,0,0,0,20220710,20220723
36_1_1,0,0,0,0,0,0,0,20220710,20220723
114_7_1,0,0,0,0,0,0,0,20220710,20220723
115_3_1,0,0,0,0,0,0,0,20220710,20220723
235_1_1,0,0,0,0,0,0,0,20220710,20220723
123_2_1,0,0,0,0,0,0,0,20220710,20220723
401_4_1,0,0,0,0,0,0,0,20220710,20220723
301_4_1,0,0,0,0,0,0,0,20220710,20220723
133_1_1,0,0,0,0,0,0,0,20220710,20220723
302_5_1,0,0,0,0,0,0,0,20220710,20220723
319_1_1,0,0,0,0,0,0,0,20220710,20220723
114_1,0,0,0,0,0,0,0,20220710,20220723
105_5_1,0,0,0,0,0,0,0,20220710,20220723
716_1_1,0,0,0,0,0,0,0,20220710,20220723
2082_1_1,0,0,0,0,0,0,0,20220710,20220723
405_5_1,0,0,0,0,0,0,0,20220710,20220723
106_3_1,0,0,0,0,0,0,0,20220710,20220723
201_7_1,0,0,0,0,0,0,0,20220710,20220723
3331_1_1,0,0,0,0,0,0,0,20220710,20220723
7011_1,0,0,0,0,0,0,0,20220710,20220723
117_4_1,0,0,0,0,0,0,0,20220710,20220723
609_1_1,0,0,0,0,0,0,0,20220710,20220723
35_1,0,0,0,0,0,0,0,20220710,20220723
310_4_1,0,0,0,0,0,0,0,20220710,20220723
517_1_1,0,0,0,0,0,0,0,20220710,20220723
801_1_1,0,0,0,0,0,0,0,20220710,20220723
605_2_1,0,0,0,0,0,0,0,20220710,20220723
25_1_1,0,0,0,0,0,0,0,20220710,20220723
228_1_1,0,0,0,0,0,0,0,20220710,20220723
6071_1,0,0,0,0,0,0,0,20220710,20220723
115_4_1,0,0,0,0,0,0,0,20220710,20220723
116_5_1,0,0,0,0,0,0,0,20220710,20220723
211_1,0,0,0,0,0,0,0,20220710,20220723
6151_1,0,0,0,0,0,0,0,20220710,20220723
505_4_1,0,0,0,0,0,0,0,20220710,20220723
21_2_1,0,0,0,0,0,0,0,20220710,20220723
31_2_1,0,0,0,0,0,0,0,20220710,20220723
5_3_1,0,0,0,0,0,0,0,20220710,20220723
218_4_1,0,0,0,0,0,0,0,20220710,20220723
302_4_1,0,0,0,0,0,0,0,20220710,20220723
17_1,0,0,0,0,0,0,0,20220710,20220723
Rail SaSu+Hol_1,0,0,0,0,0,0,0,20220710,20220723
134_1_1,0,0,0,0,0,0,0,20220710,20220723
63_1,0,0,0,0,0,0,0,20220710,20220723
204_7_1,0,0,0,0,0,0,0,20220710,20220723
10_2_1,0,0,0,0,0,0,0,20220710,20220723
39_1_1,0,0,0,0,0,0,0,20220710,20220723
3221_1_1,0,0,0,0,0,0,0,20220710,20220723
119_2_1,0,0,0,0,0,0,0,20220710,20220723
11_1,0,0,0,0,0,0,0,20220710,20220723
5_2_1,0,0,0,0,0,0,0,20220710,20220723
102_3_1,0,0,0,0,0,0,0,20220710,20220723
312_5_1,0,0,0,0,0,0,0,20220710,20220723
110_5_1,0,0,0,0,0,0,0,20220710,20220723
424_1_1,0,0,0,0,0,0,0,20220710,20220723
3051_1_1,0,0,0,0,0,0,0,20220710,20220723
12_1,0,0,0,0,0,0,0,20220710,20220723
718_1,0,0,0,0,0,0,0,20220710,20220723
27_2_1,0,0,0,0,0,0,0,20220710,20220723
721_1,0,0,0,0,0,0,0,20220710,20220723
8061_1_1,0,0,0,0,0,0,0,20220710,20220723
216_5_1,0,0,0,0,0,0,0,20220710,20220723
15_2_1,0,0,0,0,0,0,0,20220710,20220723
58_1,0,0,0,0,0,0,0,20220710,20220723
403_3_1,0,0,0,0,0,0,0,20220710,20220723
213_3_1,0,0,0,0,0,0,0,20220710,20220723
109_6_1,0,0,0,0,0,0,0,20220710,20220723
23_2_1,0,0,0,0,0,0,0,20220710,20220723
109_3_1,0,0,0,0,0,0,0,20220710,20220723
1042_1_1,0,0,0,0,0,0,0,20220710,20220723
3_1_1,0,0,0,0,0,0,0,20220710,20220723
105_3_1,0,0,0,0,0,0,0,20220710,20220723
2012_1_1,0,0,0,0,0,0,0,20220710,20220723
200_1,0,0,0,0,0,0,0,20220710,20220723
103_3_1,0,0,0,0,0,0,0,20220710,20220723
6041_1,0,0,0,0,0,0,0,20220710,20220723
6_1_1,0,0,0,0,0,0,0,20220710,20220723
107_4_1,0,0,0,0,0,0,0,20220710,20220723
225_1_1,0,0,0,0,0,0,0,20220710,20220723
200_1_1,0,0,0,0,0,0,0,20220710,20220723
203_4_1,0,0,0,0,0,0,0,20220710,20220723
118_2_1,0,0,0,0,0,0,0,20220710,20220723
412_3_1,0,0,0,0,0,0,0,20220710,20220723
201_5_1,0,0,0,0,0,0,0,20220710,20220723
203_6_1,0,0,0,0,0,0,0,20220710,20220723
105_6_1,0,0,0,0,0,0,0,20220710,20220723
156_1,0,0,0,0,0,0,0,20220710,20220723
8064_1,0,0,0,0,0,0,0,20220710,20220723
407_3_1,0,0,0,0,0,0,0,20220710,20220723
104_6_1,0,0,0,0,0,0,0,20220710,20220723
101_4_1,0,0,0,0,0,0,0,20220710,20220723
221_2_1,0,0,0,0,0,0,0,20220710,20220723
405_4_1,0,0,0,0,0,0,0,20220710,20220723
1_1_1,0,0,0,0,0,0,0,20220710,20220723
31_3_1,0,0,0,0,0,0,0,20220710,20220723
7062_1,0,0,0,0,0,0,0,20220710,20220723
3202_1_1,0,0,0,0,0,0,0,20220710,20220723
510_3_1,0,0,0,0,0,0,0,20220710,20220723
75_1,0,0,0,0,0,0,0,20220710,20220723
307_5_1,0,0,0,0,0,0,0,20220710,20220723
6112_1,0,0,0,0,0,0,0,20220710,20220723
9_1,0,0,0,0,0,0,0,20220710,20220723
3193_1_1,0,0,0,0,0,0,0,20220710,20220723
32_3_1,0,0,0,0,0,0,0,20220710,20220723
607_1_1,0,0,0,0,0,0,0,20220710,20220723
14_2_1,0,0,0,0,0,0,0,20220710,20220723
602_5_1,0,0,0,0,0,0,0,20220710,20220723
603_5_1,0,0,0,0,0,0,0,20220710,20220723
303_4_1,0,0,0,0,0,0,0,20220710,20220723
5_1,0,0,0,0,0,0,0,20220710,20220723
206_7_1,0,0,0,0,0,0,0,20220710,20220723
101_6_1,0,0,0,0,0,0,0,20220710,20220723
102_5_1,0,0,0,0,0,0,0,20220710,20220723
102_4_1,0,0,0,0,0,0,0,20220710,20220723
3071_1_1,0,0,0,0,0,0,0,20220710,20220723
210_1,0,0,0,0,0,0,0,20220710,20220723
709_1,0,0,0,0,0,0,0,20220710,20220723
129_2_1,0,0,0,0,0,0,0,20220710,20220723
2_2_1,0,0,0,0,0,0,0,20220710,20220723
407_5_1,0,0,0,0,0,0,0,20220710,20220723
37_2_1,0,0,0,0,0,0,0,20220710,20220723
212_4_1,0,0,0,0,0,0,0,20220710,20220723
711_1,0,0,0,0,0,0,0,20220710,20220723
7041_1,0,0,0,0,0,0,0,20220710,20220723
33_1_1,0,0,0,0,0,0,0,20220710,20220723
4_2_1,0,0,0,0,0,0,0,20220710,20220723
CCL Su+Hol-Xmas_1,0,0,0,0,0,0,0,20220710,20220723
3191_1_1,0,0,0,0,0,0,0,20220710,20220723
313_3_1,0,0,0,0,0,0,0,20220710,20220723
213_4_1,0,0,0,0,0,0,0,20220710,20220723
114_5_1,0,0,0,0,0,0,0,20220710,20220723
30_1,0,0,0,0,0,0,0,20220710,20220723
18_3_1,0,0,0,0,0,0,0,20220710,20220723
40_2_1,0,0,0,0,0,0,0,20220710,20220723
22_1_1,0,0,0,0,0,0,0,20220710,20220723
507_2_1,0,0,0,0,0,0,0,20220710,20220723
3062_1_1,0,0,0,0,0,0,0,20220710,20220723
21_1_1,0,0,0,0,0,0,0,20220710,20220723
23_1_1,0,0,0,0,0,0,0,20220710,20220723
608_1_1,0,0,0,0,0,0,0,20220710,20220723
15_1,0,0,0,0,0,0,0,20220710,20220723
604_5_1,0,0,0,0,0,0,0,20220710,20220723
408_4_1,0,0,0,0,0,0,0,20220710,20220723
416_4_1,0,0,0,0,0,0,0,20220710,20220723
207_5_1,0,0,0,0,0,0,0,20220710,20220723
208_7_1,0,0,0,0,0,0,0,20220710,20220723
415_3_1,0,0,0,0,0,0,0,20220710,20220723
207_6_1,0,0,0,0,0,0,0,20220710,20220723
20_2_1,0,0,0,0,0,0,0,20220710,20220723
52_1,0,0,0,0,0,0,0,20220710,20220723
119_1_1,0,0,0,0,0,0,0,20220710,20220723
6082_1,0,0,0,0,0,0,0,20220710,20220723
512_3_1,0,0,0,0,0,0,0,20220710,20220723
24_2_1,0,0,0,0,0,0,0,20220710,20220723
7061_1,0,0,0,0,0,0,0,20220710,20220723
204_1,0,0,0,0,0,0,0,20220710,20220723
2061_1_1,0,0,0,0,0,0,0,20220710,20220723
15_3_1,0,0,0,0,0,0,0,20220710,20220723
6132_1,0,0,0,0,0,0,0,20220710,20220723
415_4_1,0,0,0,0,0,0,0,20220710,20220723
29_3_1,0,0,0,0,0,0,0,20220710,20220723
419_2_1,0,0,0,0,0,0,0,20220710,20220723
610_1_1,0,0,0,0,0,0,0,20220710,20220723
6043_1,0,0,0,0,0,0,0,20220710,20220723
222_1_1,0,0,0,0,0,0,0,20220710,20220723
3341_1_1,0,0,0,0,0,0,0,20220710,20220723
3151_1_1,0,0,0,0,0,0,0,20220710,20220723
27_1_1,0,0,0,0,0,0,0,20220710,20220723
12_1_1,0,0,0,0,0,0,0,20220710,20220723
8051_1,0,0,0,0,0,0,0,20220710,20220723
8012_1,0,0,0,0,0,0,0,20220710,20220723
31_1_1,0,0,0,0,0,0,0,20220710,20220723
51_1,0,0,0,0,0,0,0,20220710,20220723
603_3_1,0,0,0,0,0,0,0,20220710,20220723
6131_1,0,0,0,0,0,0,0,20220710,20220723
516_2_1,0,0,0,0,0,0,0,20220710,20220723
13_2_1,0,0,0,0,0,0,0,20220710,20220723
218_5_1,0,0,0,0,0,0,0,20220710,20220723
25_1,0,0,0,0,0,0,0,20220710,20220723
7_3_1,0,0,0,0,0,0,0,20220710,20220723
144_1_1,0,0,0,0,0,0,0,20220710,20220723
202_4_1,0,0,0,0,0,0,0,20220710,20220723
131_1_1,0,0,0,0,0,0,0,20220710,20220723
309_4_1,0,0,0,0,0,0,0,20220710,20220723
24_1_1,0,0,0,0,0,0,0,20220710,20220723
70_1,0,0,0,0,0,0,0,20220710,20220723
206_4_1,0,0,0,0,0,0,0,20220710,20220723
3133_1_1,0,0,0,0,0,0,0,20220710,20220723
45_1,0,0,0,0,0,0,0,20220710,20220723
505_5_1,0,0,0,0,0,0,0,20220710,20220723
86_1,0,0,0,0,0,0,0,20220710,20220723
34_2_1,0,0,0,0,0,0,0,20220710,20220723
34_1,0,0,0,0,0,0,0,20220710,20220723
7_1,0,0,0,0,0,0,0,20220710,20220723
42_1_1,0,0,0,0,0,0,0,20220710,20220723
210_4_1,0,0,0,0,0,0,0,20220710,20220723
202_5_1,0,0,0,0,0,0,0,20220710,20220723
145_1_1,0,0,0,0,0,0,0,20220710,20220723
3132_1_1,0,0,0,0,0,0,0,20220710,20220723
43_1_1,0,0,0,0,0,0,0,20220710,20220723
62_1,0,0,0,0,0,0,0,20220710,20220723
47_1,0,0,0,0,0,0,0,20220710,20220723
82_1,0,0,0,0,0,0,0,20220710,20220723
29_1_1,0,0,0,0,0,0,0,20220710,20220723
401_5_1,0,0,0,0,0,0,0,20220710,20220723
512_2_1,0,0,0,0,0,0,0,20220710,20220723
216_4_1,0,0,0,0,0,0,0,20220710,20220723
11_3_1,0,0,0,0,0,0,0,20220710,20220723
125_1_1,0,0,0,0,0,0,0,20220710,20220723
205_6_1,0,0,0,0,0,0,0,20220710,20220723
215_5_1,0,0,0,0,0,0,0,20220710,20220723
108_3_1,0,0,0,0,0,0,0,20220710,20220723
209_4_1,0,0,0,0,0,0,0,20220710,20220723
8021_1,0,0,0,0,0,0,0,20220710,20220723
110_6_1,0,0,0,0,0,0,0,20220710,20220723
506_3_1,0,0,0,0,0,0,0,20220710,20220723
128_2_1,0,0,0,0,0,0,0,20220710,20220723
9_2_1,0,0,0,0,0,0,0,20220710,20220723
3301_1_1,0,0,0,0,0,0,0,20220710,20220723
2101_1_1,0,0,0,0,0,0,0,20220710,20220723
114_4_1,0,0,0,0,0,0,0,20220710,20220723
18_1,0,0,0,0,0,0,0,20220710,20220723
107_3_1,0,0,0,0,0,0,0,20220710,20220723
115_7_1,0,0,0,0,0,0,0,20220710,20220723
404_5_1,0,0,0,0,0,0,0,20220710,20220723
502_3_1,0,0,0,0,0,0,0,20220710,20220723
308_5_1,0,0,0,0,0,0,0,20220710,20220723
26_1_1,0,0,0,0,0,0,0,20220710,20220723
8_1_1,0,0,0,0,0,0,0,20220710,20220723
141_1_1,0,0,0,0,0,0,0,20220710,20220723
106_4_1,0,0,0,0,0,0,0,20220710,20220723
403_4_1,0,0,0,0,0,0,0,20220710,20220723
108_5_1,0,0,0,0,0,0,0,20220710,20220723
227_1_1,0,0,0,0,0,0,0,20220710,20220723
6091_1,0,0,0,0,0,0,0,20220710,20220723
113_6_1,0,0,0,0,0,0,0,20220710,20220723
417_2_1,0,0,0,0,0,0,0,20220710,20220723
60_1,0,0,0,0,0,0,0,20220710,20220723
30_3_1,0,0,0,0,0,0,0,20220710,20220723
508_2_1,0,0,0,0,0,0,0,20220710,20220723
602_6_1,0,0,0,0,0,0,0,20220710,20220723
WHF MTuWThF-XHol_1,0,0,0,0,0,0,0,20220710,20220723
308_3_1,0,0,0,0,0,0,0,20220710,20220723
720_1,0,0,0,0,0,0,0,20220710,20220723
200_2_1,0,0,0,0,0,0,0,20220710,20220723
416_2_1,0,0,0,0,0,0,0,20220710,20220723
33_2_1,0,0,0,0,0,0,0,20220710,20220723
11_1_1,0,0,0,0,0,0,0,20220710,20220723
3072_1_1,0,0,0,0,0,0,0,20220710,20220723
519_1_1,0,0,0,0,0,0,0,20220710,20220723
7072_1,0,0,0,0,0,0,0,20220710,20220723
113_5_1,0,0,0,0,0,0,0,20220710,20220723
502_4_1,0,0,0,0,0,0,0,20220710,20220723
205_8_1,0,0,0,0,0,0,0,20220710,20220723
2092_1_1,0,0,0,0,0,0,0,20220710,20220723
204_5_1,0,0,0,0,0,0,0,20220710,20220723
303_6_1,0,0,0,0,0,0,0,20220710,20220723
Rail Sa_1,0,0,0,0,0,0,0,20220710,20220723
216_3_1,0,0,0,0,0,0,0,20220710,20220723
712_1,0,0,0,0,0,0,0,20220710,20220723
30_2_1,0,0,0,0,0,0,0,20220710,20220723
203_8_1,0,0,0,0,0,0,0,20220710,20220723
138_1_1,0,0,0,0,0,0,0,20220710,20220723
419_3_1,0,0,0,0,0,0,0,20220710,20220723
304_5_1,0,0,0,0,0,0,0,20220710,20220723
15_1_1,0,0,0,0,0,0,0,20220710,20220723
3172_1_1,0,0,0,0,0,0,0,20220710,20220723
74_1,0,0,0,0,0,0,0,20220710,20220723
501_6_1,0,0,0,0,0,0,0,20220710,20220723
3041_1_1,0,0,0,0,0,0,0,20220710,20220723
7031_1,0,0,0,0,0,0,0,20220710,20220723
68_1,0,0,0,0,0,0,0,20220710,20220723
7_1_1,0,0,0,0,0,0,0,20220710,20220723
7091_1,0,0,0,0,0,0,0,20220710,20220723
7021_1,0,0,0,0,0,0,0,20220710,20220723
2032_1_1,0,0,0,0,0,0,0,20220710,20220723
230_1_1,0,0,0,0,0,0,0,20220710,20220723
17_3_1,0,0,0,0,0,0,0,20220710,20220723
42_1,0,0,0,0,0,0,0,20220710,20220723
17_1_1,0,0,0,0,0,0,0,20220710,20220723
13_1_1,0,0,0,0,0,0,0,20220710,20220723
2062_1_1,0,0,0,0,0,0,0,20220710,20220723
510_2_1,0,0,0,0,0,0,0,20220710,20220723
414_2_1,0,0,0,0,0,0,0,20220710,20220723
209_5_1,0,0,0,0,0,0,0,20220710,20220723
8052_1,0,0,0,0,0,0,0,20220710,20220723
Rail Su+Hol (JVL)_1,0,0,0,0,0,0,0,20220710,20220723
CCL Sa_1,0,0,0,0,0,0,0,20220710,20220723
57_1,0,0,0,0,0,0,0,20220710,20220723
408_3_1,0,0,0,0,0,0,0,20220710,20220723
304_3_1,0,0,0,0,0,0,0,20220710,20220723
69_1,0,0,0,0,0,0,0,20220710,20220723
2071_1_1,0,0,0,0,0,0,0,20220710,20220723
411_2_1,0,0,0,0,0,0,0,20220710,20220723
401_3_1,0,0,0,0,0,0,0,20220710,20220723
23_1,0,0,0,0,0,0,0,20220710,20220723
38_1,0,0,0,0,0,0,0,20220710,20220723
39_3_1,0,0,0,0,0,0,0,20220710,20220723
209_6_1,0,0,0,0,0,0,0,20220710,20220723
6052_1,0,0,0,0,0,0,0,20220710,20220723
301_5_1,0,0,0,0,0,0,0,20220710,20220723
35_2_1,0,0,0,0,0,0,0,20220710,20220723
39_1,0,0,0,0,0,0,0,20220710,20220723
504_5_1,0,0,0,0,0,0,0,20220710,20220723
2022_1_1,0,0,0,0,0,0,0,20220710,20220723
509_3_1,0,0,0,0,0,0,0,20220710,20220723
713_1,0,0,0,0,0,0,0,20220710,20220723
1002_3_1,0,0,0,0,0,0,0,20220710,20220723
3121_1_1,0,0,0,0,0,0,0,20220710,20220723
28_3_1,0,0,0,0,0,0,0,20220710,20220723
6042_1,0,0,0,0,0,0,0,20220710,20220723
3122_1_1,0,0,0,0,0,0,0,20220710,20220723
612_1_1,0,0,0,0,0,0,0,20220710,20220723
6111_1,0,0,0,0,0,0,0,20220710,20220723
128_1_1,0,0,0,0,0,0,0,20220710,20220723
201_8_1,0,0,0,0,0,0,0,20220710,20220723
107_5_1,0,0,0,0,0,0,0,20220710,20220723
7092_1,0,0,0,0,0,0,0,20220710,20220723
603_4_1,0,0,0,0,0,0,0,20220710,20220723
312_4_1,0,0,0,0,0,0,0,20220710,20220723
312_7_1,0,0,0,0,0,0,0,20220710,20220723
701_1_1,0,0,0,0,0,0,0,20220710,20220723
64_1,0,0,0,0,0,0,0,20220710,20220723
210_5_1,0,0,0,0,0,0,0,20220710,20220723
226_1_1,0,0,0,0,0,0,0,20220710,20220723
154_1,0,0,0,0,0,0,0,20220710,20220723
606_1_1,0,0,0,0,0,0,0,20220710,20220723
706_1,0,0,0,0,0,0,0,20220710,20220723
38_3_1,0,0,0,0,0,0,0,20220710,20220723
3_1,0,0,0,0,0,0,0,20220710,20220723
6121_1,0,0,0,0,0,0,0,20220710,20220723
40_1_1,0,0,0,0,0,0,0,20220710,20220723
201_4_1,0,0,0,0,0,0,0,20220710,20220723
601_5_1,0,0,0,0,0,0,0,20220710,20220723
36_4_2,0,0,0,0,0,0,0,20220724,20221217
71_1_2,0,0,0,0,0,0,0,20220724,20221217
112_2_2,0,0,0,0,0,0,0,20220724,20221217
223_2,0,0,0,0,0,0,0,20220724,20221217
101_3_2,0,0,0,0,0,0,0,20220724,20221217
205_8_2,0,0,0,0,0,0,0,20220724,20221217
401_1_2,0,0,0,0,0,0,0,20220724,20221217
704_1_2,0,0,0,0,0,0,0,20220724,20221217
608_2,0,0,0,0,0,0,0,20220724,20221217
2091_2,0,0,0,0,0,0,0,20220724,20221217
526_2,0,0,0,0,0,0,0,20220724,20221217
119_2_2,0,0,0,0,0,0,0,20220724,20221217
6151_2,0,0,0,0,0,0,0,20220724,20221217
233_2,0,0,0,0,0,0,0,20220724,20221217
44_4_2,0,0,0,0,0,0,0,20220724,20221217
3161_2,0,0,0,0,0,0,0,20220724,20221217
123_2,0,0,0,0,0,0,0,20220724,20221217
706_1_2,0,0,0,0,0,0,0,20220724,20221217
76_1_2,0,0,0,0,0,0,0,20220724,20221217
3_2,0,0,0,0,0,0,0,20220724,20221217
147_2,0,0,0,0,0,0,0,20220724,20221217
8_1_2,0,0,0,0,0,0,0,20220724,20221217
3123_2,0,0,0,0,0,0,0,20220724,20221217
2101_2,0,0,0,0,0,0,0,20220724,20221217
201_2,0,0,0,0,0,0,0,20220724,20221217
3012_2,0,0,0,0,0,0,0,20220724,20221217
417_2,0,0,0,0,0,0,0,20220724,20221217
3172_2,0,0,0,0,0,0,0,20220724,20221217
6011_2,0,0,0,0,0,0,0,20220724,20221217
6031_2,0,0,0,0,0,0,0,20220724,20221217
109_2_2,0,0,0,0,0,0,0,20220724,20221217
WHF Sa_2,0,0,0,0,0,0,0,20220724,20221217
2041_2,0,0,0,0,0,0,0,20220724,20221217
201_1_2,0,0,0,0,0,0,0,20220724,20221217
6062_2,0,0,0,0,0,0,0,20220724,20221217
3121_2,0,0,0,0,0,0,0,20220724,20221217
8024_2,0,0,0,0,0,0,0,20220724,20221217
102_1_2,0,0,0,0,0,0,0,20220724,20221217
78_1_2,0,0,0,0,0,0,0,20220724,20221217
3111_2,0,0,0,0,0,0,0,20220724,20221217
29_3_2,0,0,0,0,0,0,0,20220724,20221217
220_2,0,0,0,0,0,0,0,20220724,20221217
7042_2,0,0,0,0,0,0,0,20220724,20221217
322_3_2,0,0,0,0,0,0,0,20220724,20221217
102_4_2,0,0,0,0,0,0,0,20220724,20221217
45_2,0,0,0,0,0,0,0,20220724,20221217
3301_1_2,0,0,0,0,0,0,0,20220724,20221217
217_2_2,0,0,0,0,0,0,0,20220724,20221217
109_4_2,0,0,0,0,0,0,0,20220724,20221217
228_2,0,0,0,0,0,0,0,20220724,20221217
117_2_2,0,0,0,0,0,0,0,20220724,20221217
206_7_2,0,0,0,0,0,0,0,20220724,20221217
219_1_2,0,0,0,0,0,0,0,20220724,20221217
111_4_2,0,0,0,0,0,0,0,20220724,20221217
3_5_2,0,0,0,0,0,0,0,20220724,20221217
417_1_2,0,0,0,0,0,0,0,20220724,20221217
35_6_2,0,0,0,0,0,0,0,20220724,20221217
118_3_2,0,0,0,0,0,0,0,20220724,20221217
703_2_2,0,0,0,0,0,0,0,20220724,20221217
607_2,0,0,0,0,0,0,0,20220724,20221217
153_2,0,0,0,0,0,0,0,20220724,20221217
3222_2,0,0,0,0,0,0,0,20220724,20221217
7071_2,0,0,0,0,0,0,0,20220724,20221217
208_4_2,0,0,0,0,0,0,0,20220724,20221217
19_7_2,0,0,0,0,0,0,0,20220724,20221217
2081_2,0,0,0,0,0,0,0,20220724,20221217
501_2,0,0,0,0,0,0,0,20220724,20221217
6042_2,0,0,0,0,0,0,0,20220724,20221217
6061_2,0,0,0,0,0,0,0,20220724,20221217
26_5_2,0,0,0,0,0,0,0,20220724,20221217
8081_2,0,0,0,0,0,0,0,20220724,20221217
206_2_2,0,0,0,0,0,0,0,20220724,20221217
143_2,0,0,0,0,0,0,0,20220724,20221217
102_2_2,0,0,0,0,0,0,0,20220724,20221217
421_2,0,0,0,0,0,0,0,20220724,20221217
103_1_2,0,0,0,0,0,0,0,20220724,20221217
214_2,0,0,0,0,0,0,0,20220724,20221217
35_5_2,0,0,0,0,0,0,0,20220724,20221217
CCL Sa_2,0,0,0,0,0,0,0,20220724,20221217
113_1_2,0,0,0,0,0,0,0,20220724,20221217
215_1_2,0,0,0,0,0,0,0,20220724,20221217
206_8_2,0,0,0,0,0,0,0,20220724,20221217
206_6_2,0,0,0,0,0,0,0,20220724,20221217
205_2_2,0,0,0,0,0,0,0,20220724,20221217
1062_2,0,0,0,0,0,0,0,20220724,20221217
67_1_2,0,0,0,0,0,0,0,20220724,20221217
42_6_2,0,0,0,0,0,0,0,20220724,20221217
105_2,0,0,0,0,0,0,0,20220724,20221217
210_1_2,0,0,0,0,0,0,0,20220724,20221217
3152_2,0,0,0,0,0,0,0,20220724,20221217
10_6_2,0,0,0,0,0,0,0,20220724,20221217
3032_2,0,0,0,0,0,0,0,20220724,20221217
125_2,0,0,0,0,0,0,0,20220724,20221217
527_2,0,0,0,0,0,0,0,20220724,20221217
3021_2,0,0,0,0,0,0,0,20220724,20221217
117_4_2,0,0,0,0,0,0,0,20220724,20221217
82_1_2,0,0,0,0,0,0,0,20220724,20221217
602_1_2,0,0,0,0,0,0,0,20220724,20221217
52_1_2,0,0,0,0,0,0,0,20220724,20221217
2021_2,0,0,0,0,0,0,0,20220724,20221217
212_1_2,0,0,0,0,0,0,0,20220724,20221217
1072_2,0,0,0,0,0,0,0,20220724,20221217
43_6_2,0,0,0,0,0,0,0,20220724,20221217
305_1_2,0,0,0,0,0,0,0,20220724,20221217
CCL Su+Hol-Xmas_2,0,0,0,0,0,0,0,20220724,20221217
513_1_2,0,0,0,0,0,0,0,20220724,20221217
708_1_2,0,0,0,0,0,0,0,20220724,20221217
311_1_2,0,0,0,0,0,0,0,20220724,20221217
522_1_2,0,0,0,0,0,0,0,20220724,20221217
152_1_2,0,0,0,0,0,0,0,20220724,20221217
203_2,0,0,0,0,0,0,0,20220724,20221217
109_3_2,0,0,0,0,0,0,0,20220724,20221217
506_2,0,0,0,0,0,0,0,20220724,20221217
753_2,0,0,0,0,0,0,0,20220724,20221217
3381_2,0,0,0,0,0,0,0,20220724,20221217
2061_2,0,0,0,0,0,0,0,20220724,20221217
20_1_2,0,0,0,0,0,0,0,20220724,20221217
39_5_2,0,0,0,0,0,0,0,20220724,20221217
3051_2,0,0,0,0,0,0,0,20220724,20221217
503_1_2,0,0,0,0,0,0,0,20220724,20221217
5_6_2,0,0,0,0,0,0,0,20220724,20221217
203_7_2,0,0,0,0,0,0,0,20220724,20221217
24_4_2,0,0,0,0,0,0,0,20220724,20221217
318_2_2,0,0,0,0,0,0,0,20220724,20221217
103_2_2,0,0,0,0,0,0,0,20220724,20221217
6_1_2,0,0,0,0,0,0,0,20220724,20221217
3191_2,0,0,0,0,0,0,0,20220724,20221217
37_6_2,0,0,0,0,0,0,0,20220724,20221217
318_2,0,0,0,0,0,0,0,20220724,20221217
7_5_2,0,0,0,0,0,0,0,20220724,20221217
3151_2,0,0,0,0,0,0,0,20220724,20221217
403_1_2,0,0,0,0,0,0,0,20220724,20221217
205_2,0,0,0,0,0,0,0,20220724,20221217
56_1_2,0,0,0,0,0,0,0,20220724,20221217
408_1_2,0,0,0,0,0,0,0,20220724,20221217
3311_2,0,0,0,0,0,0,0,20220724,20221217
27_2_2,0,0,0,0,0,0,0,20220724,20221217
312_2,0,0,0,0,0,0,0,20220724,20221217
405_2_2,0,0,0,0,0,0,0,20220724,20221217
14_4_2,0,0,0,0,0,0,0,20220724,20221217
2071_2,0,0,0,0,0,0,0,20220724,20221217
1031_2,0,0,0,0,0,0,0,20220724,20221217
83_1_2,0,0,0,0,0,0,0,20220724,20221217
410_2,0,0,0,0,0,0,0,20220724,20221217
15_3_2,0,0,0,0,0,0,0,20220724,20221217
156_1_2,0,0,0,0,0,0,0,20220724,20221217
139_2,0,0,0,0,0,0,0,20220724,20221217
501_3_2,0,0,0,0,0,0,0,20220724,20221217
304_1_2,0,0,0,0,0,0,0,20220724,20221217
202_2_2,0,0,0,0,0,0,0,20220724,20221217
2062_2,0,0,0,0,0,0,0,20220724,20221217
42_4_2,0,0,0,0,0,0,0,20220724,20221217
25_5_2,0,0,0,0,0,0,0,20220724,20221217
225_2,0,0,0,0,0,0,0,20220724,20221217
3131_2,0,0,0,0,0,0,0,20220724,20221217
18_1_2,0,0,0,0,0,0,0,20220724,20221217
1020_2,0,0,0,0,0,0,0,20220724,20221217
41_4_2,0,0,0,0,0,0,0,20220724,20221217
63_1_2,0,0,0,0,0,0,0,20220724,20221217
231_2,0,0,0,0,0,0,0,20220724,20221217
126_2,0,0,0,0,0,0,0,20220724,20221217
13_5_2,0,0,0,0,0,0,0,20220724,20221217
206_2,0,0,0,0,0,0,0,20220724,20221217
26_4_2,0,0,0,0,0,0,0,20220724,20221217
49_3_2,0,0,0,0,0,0,0,20220724,20221217
3162_2,0,0,0,0,0,0,0,20220724,20221217
507_1_2,0,0,0,0,0,0,0,20220724,20221217
216_1_2,0,0,0,0,0,0,0,20220724,20221217
10_1_2,0,0,0,0,0,0,0,20220724,20221217
Th-Sch_2,0,0,0,0,0,0,0,20220724,20221217
110_2,0,0,0,0,0,0,0,20220724,20221217
416_2,0,0,0,0,0,0,0,20220724,20221217
29_7_2,0,0,0,0,0,0,0,20220724,20221217
411_2,0,0,0,0,0,0,0,20220724,20221217
408_2,0,0,0,0,0,0,0,20220724,20221217
415_2,0,0,0,0,0,0,0,20220724,20221217
200_3_2,0,0,0,0,0,0,0,20220724,20221217
3203_2,0,0,0,0,0,0,0,20220724,20221217
603_1_2,0,0,0,0,0,0,0,20220724,20221217
413_2,0,0,0,0,0,0,0,20220724,20221217
1001_1_2,0,0,0,0,0,0,0,20220724,20221217
301_1_2,0,0,0,0,0,0,0,20220724,20221217
23_5_2,0,0,0,0,0,0,0,20220724,20221217
3072_2,0,0,0,0,0,0,0,20220724,20221217
48_1_2,0,0,0,0,0,0,0,20220724,20221217
11_4_2,0,0,0,0,0,0,0,20220724,20221217
902_2,0,0,0,0,0,0,0,20220724,20221217
222_2,0,0,0,0,0,0,0,20220724,20221217
3_7_2,0,0,0,0,0,0,0,20220724,20221217
69_1_2,0,0,0,0,0,0,0,20220724,20221217
405_1_2,0,0,0,0,0,0,0,20220724,20221217
614_2,0,0,0,0,0,0,0,20220724,20221217
210_2_2,0,0,0,0,0,0,0,20220724,20221217
121_2,0,0,0,0,0,0,0,20220724,20221217
3291_2,0,0,0,0,0,0,0,20220724,20221217
6_6_2,0,0,0,0,0,0,0,20220724,20221217
308_2_2,0,0,0,0,0,0,0,20220724,20221217
52_2,0,0,0,0,0,0,0,20220724,20221217
8072_2,0,0,0,0,0,0,0,20220724,20221217
703_2,0,0,0,0,0,0,0,20220724,20221217
32_5_2,0,0,0,0,0,0,0,20220724,20221217
43_1_2,0,0,0,0,0,0,0,20220724,20221217
404_2_2,0,0,0,0,0,0,0,20220724,20221217
505_1_2,0,0,0,0,0,0,0,20220724,20221217
34_5_2,0,0,0,0,0,0,0,20220724,20221217
36_1_2,0,0,0,0,0,0,0,20220724,20221217
129_2_2,0,0,0,0,0,0,0,20220724,20221217
8011_2,0,0,0,0,0,0,0,20220724,20221217
207_2,0,0,0,0,0,0,0,20220724,20221217
307_3_2,0,0,0,0,0,0,0,20220724,20221217
37_4_2,0,0,0,0,0,0,0,20220724,20221217
6112_2,0,0,0,0,0,0,0,20220724,20221217
3041_2,0,0,0,0,0,0,0,20220724,20221217
502_2_2,0,0,0,0,0,0,0,20220724,20221217
409_1_2,0,0,0,0,0,0,0,20220724,20221217
110_5_2,0,0,0,0,0,0,0,20220724,20221217
429_2,0,0,0,0,0,0,0,20220724,20221217
308_1_2,0,0,0,0,0,0,0,20220724,20221217
8031_2,0,0,0,0,0,0,0,20220724,20221217
39_8_2,0,0,0,0,0,0,0,20220724,20221217
4_2_2,0,0,0,0,0,0,0,20220724,20221217
Rail F-XHol_2,0,0,0,0,0,0,0,20220724,20221217
39_7_2,0,0,0,0,0,0,0,20220724,20221217
106_1_2,0,0,0,0,0,0,0,20220724,20221217
12_1_2,0,0,0,0,0,0,0,20220724,20221217
1042_2,0,0,0,0,0,0,0,20220724,20221217
525_2,0,0,0,0,0,0,0,20220724,20221217
88_1_2,0,0,0,0,0,0,0,20220724,20221217
707_1_2,0,0,0,0,0,0,0,20220724,20221217
Rail Sa_2,0,0,0,0,0,0,0,20220724,20221217
310_5_2,0,0,0,0,0,0,0,20220724,20221217
140_2,0,0,0,0,0,0,0,20220724,20221217
504_1_2,0,0,0,0,0,0,0,20220724,20221217
50_1_2,0,0,0,0,0,0,0,20220724,20221217
104_1_2,0,0,0,0,0,0,0,20220724,20221217
3341_2,0,0,0,0,0,0,0,20220724,20221217
325_2,0,0,0,0,0,0,0,20220724,20221217
503_2,0,0,0,0,0,0,0,20220724,20221217
56_2,0,0,0,0,0,0,0,20220724,20221217
207_1_2,0,0,0,0,0,0,0,20220724,20221217
7031_2,0,0,0,0,0,0,0,20220724,20221217
401_2,0,0,0,0,0,0,0,20220724,20221217
2031_2,0,0,0,0,0,0,0,20220724,20221217
TuTh-XHol_2,0,0,0,0,0,0,0,20220724,20221217
215_2_2,0,0,0,0,0,0,0,20220724,20221217
7_1_2,0,0,0,0,0,0,0,20220724,20221217
7092_2,0,0,0,0,0,0,0,20220724,20221217
1002_2,0,0,0,0,0,0,0,20220724,20221217
203_6_2,0,0,0,0,0,0,0,20220724,20221217
154_1_2,0,0,0,0,0,0,0,20220724,20221217
8071_2,0,0,0,0,0,0,0,20220724,20221217
314_2,0,0,0,0,0,0,0,20220724,20221217
26_6_2,0,0,0,0,0,0,0,20220724,20221217
3082_2,0,0,0,0,0,0,0,20220724,20221217
1021_2,0,0,0,0,0,0,0,20220724,20221217
301_2,0,0,0,0,0,0,0,20220724,20221217
118_1_2,0,0,0,0,0,0,0,20220724,20221217
39_6_2,0,0,0,0,0,0,0,20220724,20221217
313_2,0,0,0,0,0,0,0,20220724,20221217
127_2_2,0,0,0,0,0,0,0,20220724,20221217
68_1_2,0,0,0,0,0,0,0,20220724,20221217
111_5_2,0,0,0,0,0,0,0,20220724,20221217
316_2,0,0,0,0,0,0,0,20220724,20221217
752_2,0,0,0,0,0,0,0,20220724,20221217
309_1_2,0,0,0,0,0,0,0,20220724,20221217
219_2,0,0,0,0,0,0,0,20220724,20221217
209_1_2,0,0,0,0,0,0,0,20220724,20221217
112_2,0,0,0,0,0,0,0,20220724,20221217
202_6_2,0,0,0,0,0,0,0,20220724,20221217
114_4_2,0,0,0,0,0,0,0,20220724,20221217
17_1_2,0,0,0,0,0,0,0,20220724,20221217
407_1_2,0,0,0,0,0,0,0,20220724,20221217
85_1_2,0,0,0,0,0,0,0,20220724,20221217
405_2,0,0,0,0,0,0,0,20220724,20221217
414_1_2,0,0,0,0,0,0,0,20220724,20221217
7032_2,0,0,0,0,0,0,0,20220724,20221217
305_2,0,0,0,0,0,0,0,20220724,20221217
3211_2,0,0,0,0,0,0,0,20220724,20221217
9_7_2,0,0,0,0,0,0,0,20220724,20221217
523_2,0,0,0,0,0,0,0,20220724,20221217
53_1_2,0,0,0,0,0,0,0,20220724,20221217
430_2,0,0,0,0,0,0,0,20220724,20221217
115_4_2,0,0,0,0,0,0,0,20220724,20221217
121_2_2,0,0,0,0,0,0,0,20220724,20221217
45_4_2,0,0,0,0,0,0,0,20220724,20221217
124_2_2,0,0,0,0,0,0,0,20220724,20221217
306_3_2,0,0,0,0,0,0,0,20220724,20221217
513_2,0,0,0,0,0,0,0,20220724,20221217
3112_2,0,0,0,0,0,0,0,20220724,20221217
422_2,0,0,0,0,0,0,0,20220724,20221217
2_2,0,0,0,0,0,0,0,20220724,20221217
511_2,0,0,0,0,0,0,0,20220724,20221217
107_1_2,0,0,0,0,0,0,0,20220724,20221217
6111_2,0,0,0,0,0,0,0,20220724,20221217
8_5_2,0,0,0,0,0,0,0,20220724,20221217
141_2,0,0,0,0,0,0,0,20220724,20221217
8_4_2,0,0,0,0,0,0,0,20220724,20221217
6022_2,0,0,0,0,0,0,0,20220724,20221217
428_2,0,0,0,0,0,0,0,20220724,20221217
3092_2,0,0,0,0,0,0,0,20220724,20221217
4_7_2,0,0,0,0,0,0,0,20220724,20221217
701_2,0,0,0,0,0,0,0,20220724,20221217
8062_2,0,0,0,0,0,0,0,20220724,20221217
418_2,0,0,0,0,0,0,0,20220724,20221217
604_2_2,0,0,0,0,0,0,0,20220724,20221217
73_2_2,0,0,0,0,0,0,0,20220724,20221217
209_2,0,0,0,0,0,0,0,20220724,20221217
6091_2,0,0,0,0,0,0,0,20220724,20221217
310_4_2,0,0,0,0,0,0,0,20220724,20221217
6032_2,0,0,0,0,0,0,0,20220724,20221217
7_4_2,0,0,0,0,0,0,0,20220724,20221217
30_6_2,0,0,0,0,0,0,0,20220724,20221217
117_2,0,0,0,0,0,0,0,20220724,20221217
712_1_2,0,0,0,0,0,0,0,20220724,20221217
118_2,0,0,0,0,0,0,0,20220724,20221217
512_2,0,0,0,0,0,0,0,20220724,20221217
412_2,0,0,0,0,0,0,0,20220724,20221217
108_2,0,0,0,0,0,0,0,20220724,20221217
142_2,0,0,0,0,0,0,0,20220724,20221217
304_3_2,0,0,0,0,0,0,0,20220724,20221217
302_2_2,0,0,0,0,0,0,0,20220724,20221217
302_2,0,0,0,0,0,0,0,20220724,20221217
105_1_2,0,0,0,0,0,0,0,20220724,20221217
19_5_2,0,0,0,0,0,0,0,20220724,20221217
122_2_2,0,0,0,0,0,0,0,20220724,20221217
200_5_2,0,0,0,0,0,0,0,20220724,20221217
23_6_2,0,0,0,0,0,0,0,20220724,20221217
715_1_2,0,0,0,0,0,0,0,20220724,20221217
110_1_2,0,0,0,0,0,0,0,20220724,20221217
30_4_2,0,0,0,0,0,0,0,20220724,20221217
159_1_2,0,0,0,0,0,0,0,20220724,20221217
13_4_2,0,0,0,0,0,0,0,20220724,20221217
36_6_2,0,0,0,0,0,0,0,20220724,20221217
11_5_2,0,0,0,0,0,0,0,20220724,20221217
6051_2,0,0,0,0,0,0,0,20220724,20221217
207_4_2,0,0,0,0,0,0,0,20220724,20221217
11_6_2,0,0,0,0,0,0,0,20220724,20221217
204_8_2,0,0,0,0,0,0,0,20220724,20221217
137_2,0,0,0,0,0,0,0,20220724,20221217
112_1_2,0,0,0,0,0,0,0,20220724,20221217
81_1_2,0,0,0,0,0,0,0,20220724,20221217
123_2_2,0,0,0,0,0,0,0,20220724,20221217
150_1_2,0,0,0,0,0,0,0,20220724,20221217
79_1_2,0,0,0,0,0,0,0,20220724,20221217
8092_2,0,0,0,0,0,0,0,20220724,20221217
6071_2,0,0,0,0,0,0,0,20220724,20221217
6_4_2,0,0,0,0,0,0,0,20220724,20221217
103_4_2,0,0,0,0,0,0,0,20220724,20221217
520_2,0,0,0,0,0,0,0,20220724,20221217
115_2,0,0,0,0,0,0,0,20220724,20221217
151_2,0,0,0,0,0,0,0,20220724,20221217
312_2_2,0,0,0,0,0,0,0,20220724,20221217
116_4_2,0,0,0,0,0,0,0,20220724,20221217
3171_2,0,0,0,0,0,0,0,20220724,20221217
418_1_2,0,0,0,0,0,0,0,20220724,20221217
232_2,0,0,0,0,0,0,0,20220724,20221217
2082_2,0,0,0,0,0,0,0,20220724,20221217
6102_2,0,0,0,0,0,0,0,20220724,20221217
7041_2,0,0,0,0,0,0,0,20220724,20221217
321_1_2,0,0,0,0,0,0,0,20220724,20221217
111_3_2,0,0,0,0,0,0,0,20220724,20221217
17_6_2,0,0,0,0,0,0,0,20220724,20221217
204_7_2,0,0,0,0,0,0,0,20220724,20221217
601_2,0,0,0,0,0,0,0,20220724,20221217
16_6_2,0,0,0,0,0,0,0,20220724,20221217
75_2_2,0,0,0,0,0,0,0,20220724,20221217
8091_2,0,0,0,0,0,0,0,20220724,20221217
131_2,0,0,0,0,0,0,0,20220724,20221217
40_5_2,0,0,0,0,0,0,0,20220724,20221217
6021_2,0,0,0,0,0,0,0,20220724,20221217
509_1_2,0,0,0,0,0,0,0,20220724,20221217
Rail SaSu+Hol_2,0,0,0,0,0,0,0,20220724,20221217
152_2_2,0,0,0,0,0,0,0,20220724,20221217
615_2,0,0,0,0,0,0,0,20220724,20221217
434_2,0,0,0,0,0,0,0,20220724,20221217
16_1_2,0,0,0,0,0,0,0,20220724,20221217
40_4_2,0,0,0,0,0,0,0,20220724,20221217
3011_1_2,0,0,0,0,0,0,0,20220724,20221217
309_2,0,0,0,0,0,0,0,20220724,20221217
720_1_2,0,0,0,0,0,0,0,20220724,20221217
415_2_2,0,0,0,0,0,0,0,20220724,20221217
544_2,0,0,0,0,0,0,0,20220724,20221217
501_1_2,0,0,0,0,0,0,0,20220724,20221217
13_1_2,0,0,0,0,0,0,0,20220724,20221217
208_2_2,0,0,0,0,0,0,0,20220724,20221217
605_2,0,0,0,0,0,0,0,20220724,20221217
204_1_2,0,0,0,0,0,0,0,20220724,20221217
113_2_2,0,0,0,0,0,0,0,20220724,20221217
57_1_2,0,0,0,0,0,0,0,20220724,20221217
615_1_2,0,0,0,0,0,0,0,20220724,20221217
75_3_2,0,0,0,0,0,0,0,20220724,20221217
409_2,0,0,0,0,0,0,0,20220724,20221217
431_2,0,0,0,0,0,0,0,20220724,20221217
55_2,0,0,0,0,0,0,0,20220724,20221217
138_2,0,0,0,0,0,0,0,20220724,20221217
31_1_2,0,0,0,0,0,0,0,20220724,20221217
41_1_2,0,0,0,0,0,0,0,20220724,20221217
91_1_2,0,0,0,0,0,0,0,20220724,20221217
415_1_2,0,0,0,0,0,0,0,20220724,20221217
503_2_2,0,0,0,0,0,0,0,20220724,20221217
437_2,0,0,0,0,0,0,0,20220724,20221217
54_1_2,0,0,0,0,0,0,0,20220724,20221217
510_2,0,0,0,0,0,0,0,20220724,20221217
4_1_2,0,0,0,0,0,0,0,20220724,20221217
218_2,0,0,0,0,0,0,0,20220724,20221217
42_1_2,0,0,0,0,0,0,0,20220724,20221217
436_2,0,0,0,0,0,0,0,20220724,20221217
780_2,0,0,0,0,0,0,0,20220724,20221217
1041_2,0,0,0,0,0,0,0,20220724,20221217
404_2,0,0,0,0,0,0,0,20220724,20221217
66_1_2,0,0,0,0,0,0,0,20220724,20221217
25_2_2,0,0,0,0,0,0,0,20220724,20221217
205_7_2,0,0,0,0,0,0,0,20220724,20221217
34_4_2,0,0,0,0,0,0,0,20220724,20221217
3182_2,0,0,0,0,0,0,0,20220724,20221217
202_8_2,0,0,0,0,0,0,0,20220724,20221217
1052_2,0,0,0,0,0,0,0,20220724,20221217
33_5_2,0,0,0,0,0,0,0,20220724,20221217
2072_2,0,0,0,0,0,0,0,20220724,20221217
114_5_2,0,0,0,0,0,0,0,20220724,20221217
2022_2,0,0,0,0,0,0,0,20220724,20221217
702_2,0,0,0,0,0,0,0,20220724,20221217
4_6_2,0,0,0,0,0,0,0,20220724,20221217
16_5_2,0,0,0,0,0,0,0,20220724,20221217
718_1_2,0,0,0,0,0,0,0,20220724,20221217
22_6_2,0,0,0,0,0,0,0,20220724,20221217
406_2,0,0,0,0,0,0,0,20220724,20221217
8012_2,0,0,0,0,0,0,0,20220724,20221217
7051_2,0,0,0,0,0,0,0,20220724,20221217
5_7_2,0,0,0,0,0,0,0,20220724,20221217
15_2_2,0,0,0,0,0,0,0,20220724,20221217
7061_2,0,0,0,0,0,0,0,20220724,20221217
1001_2,0,0,0,0,0,0,0,20220724,20221217
710_1_2,0,0,0,0,0,0,0,20220724,20221217
115_1_2,0,0,0,0,0,0,0,20220724,20221217
33_7_2,0,0,0,0,0,0,0,20220724,20221217
108_1_2,0,0,0,0,0,0,0,20220724,20221217
106_3_2,0,0,0,0,0,0,0,20220724,20221217
117_1_2,0,0,0,0,0,0,0,20220724,20221217
521_2,0,0,0,0,0,0,0,20220724,20221217
323_2,0,0,0,0,0,0,0,20220724,20221217
27_7_2,0,0,0,0,0,0,0,20220724,20221217
120_2_2,0,0,0,0,0,0,0,20220724,20221217
420_1_2,0,0,0,0,0,0,0,20220724,20221217
402_2,0,0,0,0,0,0,0,20220724,20221217
8102_2,0,0,0,0,0,0,0,20220724,20221217
115_2_2,0,0,0,0,0,0,0,20220724,20221217
433_2,0,0,0,0,0,0,0,20220724,20221217
505_2_2,0,0,0,0,0,0,0,20220724,20221217
512_1_2,0,0,0,0,0,0,0,20220724,20221217
33_6_2,0,0,0,0,0,0,0,20220724,20221217
507_2,0,0,0,0,0,0,0,20220724,20221217
116_2_2,0,0,0,0,0,0,0,20220724,20221217
3102_2,0,0,0,0,0,0,0,20220724,20221217
432_2,0,0,0,0,0,0,0,20220724,20221217
28_1_2,0,0,0,0,0,0,0,20220724,20221217
34_1_2,0,0,0,0,0,0,0,20220724,20221217
2_5_2,0,0,0,0,0,0,0,20220724,20221217
31_7_2,0,0,0,0,0,0,0,20220724,20221217
8082_2,0,0,0,0,0,0,0,20220724,20221217
424_2,0,0,0,0,0,0,0,20220724,20221217
7_6_2,0,0,0,0,0,0,0,20220724,20221217
30_5_2,0,0,0,0,0,0,0,20220724,20221217
23_1_2,0,0,0,0,0,0,0,20220724,20221217
29_5_2,0,0,0,0,0,0,0,20220724,20221217
402_2_2,0,0,0,0,0,0,0,20220724,20221217
713_1_2,0,0,0,0,0,0,0,20220724,20221217
610_2,0,0,0,0,0,0,0,20220724,20221217
28_5_2,0,0,0,0,0,0,0,20220724,20221217
106_2,0,0,0,0,0,0,0,20220724,20221217
518_2,0,0,0,0,0,0,0,20220724,20221217
721_1_2,0,0,0,0,0,0,0,20220724,20221217
7052_2,0,0,0,0,0,0,0,20220724,20221217
311_2_2,0,0,0,0,0,0,0,20220724,20221217
303_2_2,0,0,0,0,0,0,0,20220724,20221217
201_6_2,0,0,0,0,0,0,0,20220724,20221217
404_1_2,0,0,0,0,0,0,0,20220724,20221217
125_2_2,0,0,0,0,0,0,0,20220724,20221217
116_1_2,0,0,0,0,0,0,0,20220724,20221217
28_4_2,0,0,0,0,0,0,0,20220724,20221217
107_2_2,0,0,0,0,0,0,0,20220724,20221217
210_4_2,0,0,0,0,0,0,0,20220724,20221217
7021_2,0,0,0,0,0,0,0,20220724,20221217
9_1_2,0,0,0,0,0,0,0,20220724,20221217
602_2,0,0,0,0,0,0,0,20220724,20221217
216_2,0,0,0,0,0,0,0,20220724,20221217
308_2,0,0,0,0,0,0,0,20220724,20221217
6171_2,0,0,0,0,0,0,0,20220724,20221217
307_1_2,0,0,0,0,0,0,0,20220724,20221217
44_2_2,0,0,0,0,0,0,0,20220724,20221217
29_2_2,0,0,0,0,0,0,0,20220724,20221217
120_2,0,0,0,0,0,0,0,20220724,20221217
154_2,0,0,0,0,0,0,0,20220724,20221217
27_1_2,0,0,0,0,0,0,0,20220724,20221217
604_2,0,0,0,0,0,0,0,20220724,20221217
86_1_2,0,0,0,0,0,0,0,20220724,20221217
214_2_2,0,0,0,0,0,0,0,20220724,20221217
160_1_2,0,0,0,0,0,0,0,20220724,20221217
103_2,0,0,0,0,0,0,0,20220724,20221217
304_2,0,0,0,0,0,0,0,20220724,20221217
2111_2,0,0,0,0,0,0,0,20220724,20221217
51_2,0,0,0,0,0,0,0,20220724,20221217
114_1_2,0,0,0,0,0,0,0,20220724,20221217
35_7_2,0,0,0,0,0,0,0,20220724,20221217
751_2,0,0,0,0,0,0,0,20220724,20221217
3081_2,0,0,0,0,0,0,0,20220724,20221217
324_2,0,0,0,0,0,0,0,20220724,20221217
427_2,0,0,0,0,0,0,0,20220724,20221217
529_1_2,0,0,0,0,0,0,0,20220724,20221217
611_2,0,0,0,0,0,0,0,20220724,20221217
407_2_2,0,0,0,0,0,0,0,20220724,20221217
47_1_2,0,0,0,0,0,0,0,20220724,20221217
WHF Su+Hol_2,0,0,0,0,0,0,0,20220724,20221217
410_1_2,0,0,0,0,0,0,0,20220724,20221217
12_6_2,0,0,0,0,0,0,0,20220724,20221217
510_1_2,0,0,0,0,0,0,0,20220724,20221217
105_2_2,0,0,0,0,0,0,0,20220724,20221217
411_1_2,0,0,0,0,0,0,0,20220724,20221217
110_2_2,0,0,0,0,0,0,0,20220724,20221217
21_5_2,0,0,0,0,0,0,0,20220724,20221217
12_5_2,0,0,0,0,0,0,0,20220724,20221217
612_2,0,0,0,0,0,0,0,20220724,20221217
8052_2,0,0,0,0,0,0,0,20220724,20221217
132_2,0,0,0,0,0,0,0,20220724,20221217
437_2_2,0,0,0,0,0,0,0,20220724,20221217
3312_2,0,0,0,0,0,0,0,20220724,20221217
3_6_2,0,0,0,0,0,0,0,20220724,20221217
36_5_2,0,0,0,0,0,0,0,20220724,20221217
6012_2,0,0,0,0,0,0,0,20220724,20221217
111_1_2,0,0,0,0,0,0,0,20220724,20221217
307_2_2,0,0,0,0,0,0,0,20220724,20221217
416_1_2,0,0,0,0,0,0,0,20220724,20221217
50_2,0,0,0,0,0,0,0,20220724,20221217
309_2_2,0,0,0,0,0,0,0,20220724,20221217
46_2,0,0,0,0,0,0,0,20220724,20221217
603_2_2,0,0,0,0,0,0,0,20220724,20221217
413_1_2,0,0,0,0,0,0,0,20220724,20221217
2052_2,0,0,0,0,0,0,0,20220724,20221217
308_3_2,0,0,0,0,0,0,0,20220724,20221217
129_2,0,0,0,0,0,0,0,20220724,20221217
317_2,0,0,0,0,0,0,0,20220724,20221217
107_2,0,0,0,0,0,0,0,20220724,20221217
149_2,0,0,0,0,0,0,0,20220724,20221217
7072_2,0,0,0,0,0,0,0,20220724,20221217
158_1_2,0,0,0,0,0,0,0,20220724,20221217
224_2,0,0,0,0,0,0,0,20220724,20221217
3192_2,0,0,0,0,0,0,0,20220724,20221217
157_1_2,0,0,0,0,0,0,0,20220724,20221217
87_1_2,0,0,0,0,0,0,0,20220724,20221217
116_2,0,0,0,0,0,0,0,20220724,20221217
203_2_2,0,0,0,0,0,0,0,20220724,20221217
114_2_2,0,0,0,0,0,0,0,20220724,20221217
221_1_2,0,0,0,0,0,0,0,20220724,20221217
43_4_2,0,0,0,0,0,0,0,20220724,20221217
2032_2,0,0,0,0,0,0,0,20220724,20221217
8063_2,0,0,0,0,0,0,0,20220724,20221217
301_3_2,0,0,0,0,0,0,0,20220724,20221217
301_2_2,0,0,0,0,0,0,0,20220724,20221217
6041_2,0,0,0,0,0,0,0,20220724,20221217
70_1_2,0,0,0,0,0,0,0,20220724,20221217
754_2,0,0,0,0,0,0,0,20220724,20221217
601_2_2,0,0,0,0,0,0,0,20220724,20221217
529_2,0,0,0,0,0,0,0,20220724,20221217
230_2,0,0,0,0,0,0,0,20220724,20221217
18_6_2,0,0,0,0,0,0,0,20220724,20221217
201_2_2,0,0,0,0,0,0,0,20220724,20221217
62_1_2,0,0,0,0,0,0,0,20220724,20221217
205_6_2,0,0,0,0,0,0,0,20220724,20221217
319_2,0,0,0,0,0,0,0,20220724,20221217
19_1_2,0,0,0,0,0,0,0,20220724,20221217
1002_1_2,0,0,0,0,0,0,0,20220724,20221217
33_1_2,0,0,0,0,0,0,0,20220724,20221217
153_1_2,0,0,0,0,0,0,0,20220724,20221217
9_5_2,0,0,0,0,0,0,0,20220724,20221217
122_2,0,0,0,0,0,0,0,20220724,20221217
16_4_2,0,0,0,0,0,0,0,20220724,20221217
18_4_2,0,0,0,0,0,0,0,20220724,20221217
7062_2,0,0,0,0,0,0,0,20220724,20221217
6121_2,0,0,0,0,0,0,0,20220724,20221217
321_2,0,0,0,0,0,0,0,20220724,20221217
605_1_2,0,0,0,0,0,0,0,20220724,20221217
20_6_2,0,0,0,0,0,0,0,20220724,20221217
28_6_2,0,0,0,0,0,0,0,20220724,20221217
38_1_2,0,0,0,0,0,0,0,20220724,20221217
32_1_2,0,0,0,0,0,0,0,20220724,20221217
104_2_2,0,0,0,0,0,0,0,20220724,20221217
54_2,0,0,0,0,0,0,0,20220724,20221217
211_2_2,0,0,0,0,0,0,0,20220724,20221217
2_6_2,0,0,0,0,0,0,0,20220724,20221217
513_2_2,0,0,0,0,0,0,0,20220724,20221217
506_2_2,0,0,0,0,0,0,0,20220724,20221217
220_1_2,0,0,0,0,0,0,0,20220724,20221217
227_2,0,0,0,0,0,0,0,20220724,20221217
136_2,0,0,0,0,0,0,0,20220724,20221217
37_5_2,0,0,0,0,0,0,0,20220724,20221217
801_2,0,0,0,0,0,0,0,20220724,20221217
101_1_2,0,0,0,0,0,0,0,20220724,20221217
105_4_2,0,0,0,0,0,0,0,20220724,20221217
27_6_2,0,0,0,0,0,0,0,20220724,20221217
7081_2,0,0,0,0,0,0,0,20220724,20221217
426_2,0,0,0,0,0,0,0,20220724,20221217
420_2,0,0,0,0,0,0,0,20220724,20221217
38_6_2,0,0,0,0,0,0,0,20220724,20221217
304_2_2,0,0,0,0,0,0,0,20220724,20221217
Rail SaSu+Hol-Xmas (WRL)_2,0,0,0,0,0,0,0,20220724,20221217
202_2,0,0,0,0,0,0,0,20220724,20221217
1061_2,0,0,0,0,0,0,0,20220724,20221217
7012_2,0,0,0,0,0,0,0,20220724,20221217
133_2,0,0,0,0,0,0,0,20220724,20221217
2051_2,0,0,0,0,0,0,0,20220724,20221217
1001_2_2,0,0,0,0,0,0,0,20220724,20221217
437_1_2,0,0,0,0,0,0,0,20220724,20221217
102_2,0,0,0,0,0,0,0,20220724,20221217
49_2_2,0,0,0,0,0,0,0,20220724,20221217
8061_2,0,0,0,0,0,0,0,20220724,20221217
516_2,0,0,0,0,0,0,0,20220724,20221217
320_2,0,0,0,0,0,0,0,20220724,20221217
15_5_2,0,0,0,0,0,0,0,20220724,20221217
80_1_2,0,0,0,0,0,0,0,20220724,20221217
7091_2,0,0,0,0,0,0,0,20220724,20221217
310_3_2,0,0,0,0,0,0,0,20220724,20221217
17_4_2,0,0,0,0,0,0,0,20220724,20221217
508_2,0,0,0,0,0,0,0,20220724,20221217
609_2,0,0,0,0,0,0,0,20220724,20221217
201_8_2,0,0,0,0,0,0,0,20220724,20221217
302_1_2,0,0,0,0,0,0,0,20220724,20221217
1011_2,0,0,0,0,0,0,0,20220724,20221217
37_1_2,0,0,0,0,0,0,0,20220724,20221217
25_6_2,0,0,0,0,0,0,0,20220724,20221217
310_2_2,0,0,0,0,0,0,0,20220724,20221217
901_2,0,0,0,0,0,0,0,20220724,20221217
59_1_2,0,0,0,0,0,0,0,20220724,20221217
5_1_2,0,0,0,0,0,0,0,20220724,20221217
407_2,0,0,0,0,0,0,0,20220724,20221217
51_1_2,0,0,0,0,0,0,0,20220724,20221217
3133_2,0,0,0,0,0,0,0,20220724,20221217
104_4_2,0,0,0,0,0,0,0,20220724,20221217
3331_2,0,0,0,0,0,0,0,20220724,20221217
303_1_2,0,0,0,0,0,0,0,20220724,20221217
111_2_2,0,0,0,0,0,0,0,20220724,20221217
29_6_2,0,0,0,0,0,0,0,20220724,20221217
519_2,0,0,0,0,0,0,0,20220724,20221217
17_5_2,0,0,0,0,0,0,0,20220724,20221217
30_1_2,0,0,0,0,0,0,0,20220724,20221217
42_5_2,0,0,0,0,0,0,0,20220724,20221217
8042_2,0,0,0,0,0,0,0,20220724,20221217
150_2_2,0,0,0,0,0,0,0,20220724,20221217
44_1_2,0,0,0,0,0,0,0,20220724,20221217
22_5_2,0,0,0,0,0,0,0,20220724,20221217
408_2_2,0,0,0,0,0,0,0,20220724,20221217
212_2,0,0,0,0,0,0,0,20220724,20221217
201_7_2,0,0,0,0,0,0,0,20220724,20221217
419_2,0,0,0,0,0,0,0,20220724,20221217
8051_2,0,0,0,0,0,0,0,20220724,20221217
213_1_2,0,0,0,0,0,0,0,20220724,20221217
14_6_2,0,0,0,0,0,0,0,20220724,20221217
43_5_2,0,0,0,0,0,0,0,20220724,20221217
414_2,0,0,0,0,0,0,0,20220724,20221217
6043_2,0,0,0,0,0,0,0,20220724,20221217
409_2_2,0,0,0,0,0,0,0,20220724,20221217
21_6_2,0,0,0,0,0,0,0,20220724,20221217
603_2,0,0,0,0,0,0,0,20220724,20221217
601_1_2,0,0,0,0,0,0,0,20220724,20221217
110_4_2,0,0,0,0,0,0,0,20220724,20221217
435_2,0,0,0,0,0,0,0,20220724,20221217
309_3_2,0,0,0,0,0,0,0,20220724,20221217
3181_2,0,0,0,0,0,0,0,20220724,20221217
Rail Su+Hol (JVL)_2,0,0,0,0,0,0,0,20220724,20221217
604_1_2,0,0,0,0,0,0,0,20220724,20221217
6161_2,0,0,0,0,0,0,0,20220724,20221217
1002_2_2,0,0,0,0,0,0,0,20220724,20221217
305_2_2,0,0,0,0,0,0,0,20220724,20221217
200_4_2,0,0,0,0,0,0,0,20220724,20221217
204_2_2,0,0,0,0,0,0,0,20220724,20221217
701_2_2,0,0,0,0,0,0,0,20220724,20221217
32_6_2,0,0,0,0,0,0,0,20220724,20221217
322_2_2,0,0,0,0,0,0,0,20220724,20221217
423_2,0,0,0,0,0,0,0,20220724,20221217
408_3_2,0,0,0,0,0,0,0,20220724,20221217
602_2_2,0,0,0,0,0,0,0,20220724,20221217
8025_2,0,0,0,0,0,0,0,20220724,20221217
151_1_2,0,0,0,0,0,0,0,20220724,20221217
148_2,0,0,0,0,0,0,0,20220724,20221217
517_2,0,0,0,0,0,0,0,20220724,20221217
506_1_2,0,0,0,0,0,0,0,20220724,20221217
719_1_2,0,0,0,0,0,0,0,20220724,20221217
2042_2,0,0,0,0,0,0,0,20220724,20221217
74_1_2,0,0,0,0,0,0,0,20220724,20221217
152_2,0,0,0,0,0,0,0,20220724,20221217
144_2,0,0,0,0,0,0,0,20220724,20221217
45_2_2,0,0,0,0,0,0,0,20220724,20221217
218_1_2,0,0,0,0,0,0,0,20220724,20221217
7022_2,0,0,0,0,0,0,0,20220724,20221217
126_2_2,0,0,0,0,0,0,0,20220724,20221217
218_2_2,0,0,0,0,0,0,0,20220724,20221217
1001_3_2,0,0,0,0,0,0,0,20220724,20221217
151_2_2,0,0,0,0,0,0,0,20220724,20221217
22_4_2,0,0,0,0,0,0,0,20220724,20221217
9_6_2,0,0,0,0,0,0,0,20220724,20221217
61_1_2,0,0,0,0,0,0,0,20220724,20221217
24_5_2,0,0,0,0,0,0,0,20220724,20221217
31_5_2,0,0,0,0,0,0,0,20220724,20221217
6081_2,0,0,0,0,0,0,0,20220724,20221217
425_2,0,0,0,0,0,0,0,20220724,20221217
40_1_2,0,0,0,0,0,0,0,20220724,20221217
53_2,0,0,0,0,0,0,0,20220724,20221217
303_2,0,0,0,0,0,0,0,20220724,20221217
3221_2,0,0,0,0,0,0,0,20220724,20221217
26_1_2,0,0,0,0,0,0,0,20220724,20221217
127_2,0,0,0,0,0,0,0,20220724,20221217
113_2,0,0,0,0,0,0,0,20220724,20221217
528_2,0,0,0,0,0,0,0,20220724,20221217
8041_2,0,0,0,0,0,0,0,20220724,20221217
207_2_2,0,0,0,0,0,0,0,20220724,20221217
406_2_2,0,0,0,0,0,0,0,20220724,20221217
23_4_2,0,0,0,0,0,0,0,20220724,20221217
6082_2,0,0,0,0,0,0,0,20220724,20221217
14_1_2,0,0,0,0,0,0,0,20220724,20221217
705_1_2,0,0,0,0,0,0,0,20220724,20221217
1051_2,0,0,0,0,0,0,0,20220724,20221217
1071_2,0,0,0,0,0,0,0,20220724,20221217
316_1_2,0,0,0,0,0,0,0,20220724,20221217
318_1_2,0,0,0,0,0,0,0,20220724,20221217
13_6_2,0,0,0,0,0,0,0,20220724,20221217
21_7_2,0,0,0,0,0,0,0,20220724,20221217
209_4_2,0,0,0,0,0,0,0,20220724,20221217
202_1_2,0,0,0,0,0,0,0,20220724,20221217
431_1_2,0,0,0,0,0,0,0,20220724,20221217
108_2_2,0,0,0,0,0,0,0,20220724,20221217
38_7_2,0,0,0,0,0,0,0,20220724,20221217
502_1_2,0,0,0,0,0,0,0,20220724,20221217
306_2_2,0,0,0,0,0,0,0,20220724,20221217
509_2,0,0,0,0,0,0,0,20220724,20221217
206_1_2,0,0,0,0,0,0,0,20220724,20221217
209_3_2,0,0,0,0,0,0,0,20220724,20221217
113_5_2,0,0,0,0,0,0,0,20220724,20221217
504_2,0,0,0,0,0,0,0,20220724,20221217
202_7_2,0,0,0,0,0,0,0,20220724,20221217
217_1_2,0,0,0,0,0,0,0,20220724,20221217
20_5_2,0,0,0,0,0,0,0,20220724,20221217
40_6_2,0,0,0,0,0,0,0,20220724,20221217
211_1_2,0,0,0,0,0,0,0,20220724,20221217
211_2,0,0,0,0,0,0,0,20220724,20221217
204_2,0,0,0,0,0,0,0,20220724,20221217
35_3_2,0,0,0,0,0,0,0,20220724,20221217
310_6_2,0,0,0,0,0,0,0,20220724,20221217
15_6_2,0,0,0,0,0,0,0,20220724,20221217
3062_2,0,0,0,0,0,0,0,20220724,20221217
146_2,0,0,0,0,0,0,0,20220724,20221217
403_2,0,0,0,0,0,0,0,20220724,20221217
12_4_2,0,0,0,0,0,0,0,20220724,20221217
509_2_2,0,0,0,0,0,0,0,20220724,20221217
317_2_2,0,0,0,0,0,0,0,20220724,20221217
511_1_2,0,0,0,0,0,0,0,20220724,20221217
2102_2,0,0,0,0,0,0,0,20220724,20221217
44_5_2,0,0,0,0,0,0,0,20220724,20221217
318_3_2,0,0,0,0,0,0,0,20220724,20221217
8101_2,0,0,0,0,0,0,0,20220724,20221217
6092_2,0,0,0,0,0,0,0,20220724,20221217
90_1_2,0,0,0,0,0,0,0,20220724,20221217
508_1_2,0,0,0,0,0,0,0,20220724,20221217
1_2,0,0,0,0,0,0,0,20220724,20221217
135_2,0,0,0,0,0,0,0,20220724,20221217
112_4_2,0,0,0,0,0,0,0,20220724,20221217
150_2,0,0,0,0,0,0,0,20220724,20221217
32_4_2,0,0,0,0,0,0,0,20220724,20221217
3202_2,0,0,0,0,0,0,0,20220724,20221217
3141_2,0,0,0,0,0,0,0,20220724,20221217
216_2_2,0,0,0,0,0,0,0,20220724,20221217
322_4_2,0,0,0,0,0,0,0,20220724,20221217
18_5_2,0,0,0,0,0,0,0,20220724,20221217
35_2_2,0,0,0,0,0,0,0,20220724,20221217
24_6_2,0,0,0,0,0,0,0,20220724,20221217
38_8_2,0,0,0,0,0,0,0,20220724,20221217
226_2,0,0,0,0,0,0,0,20220724,20221217
214_1_2,0,0,0,0,0,0,0,20220724,20221217
606_2,0,0,0,0,0,0,0,20220724,20221217
524_2,0,0,0,0,0,0,0,20220724,20221217
709_1_2,0,0,0,0,0,0,0,20220724,20221217
3301_2,0,0,0,0,0,0,0,20220724,20221217
CCL MTuWThF-XHol_2,0,0,0,0,0,0,0,20220724,20221217
60_1_2,0,0,0,0,0,0,0,20220724,20221217
210_2,0,0,0,0,0,0,0,20220724,20221217
3142_2,0,0,0,0,0,0,0,20220724,20221217
312_1_2,0,0,0,0,0,0,0,20220724,20221217
58_1_2,0,0,0,0,0,0,0,20220724,20221217
502_2,0,0,0,0,0,0,0,20220724,20221217
419_1_2,0,0,0,0,0,0,0,20220724,20221217
2092_2,0,0,0,0,0,0,0,20220724,20221217
3022_2,0,0,0,0,0,0,0,20220724,20221217
24_1_2,0,0,0,0,0,0,0,20220724,20221217
145_2,0,0,0,0,0,0,0,20220724,20221217
128_2_2,0,0,0,0,0,0,0,20220724,20221217
2112_2,0,0,0,0,0,0,0,20220724,20221217
6101_2,0,0,0,0,0,0,0,20220724,20221217
77_1_2,0,0,0,0,0,0,0,20220724,20221217
8022_2,0,0,0,0,0,0,0,20220724,20221217
46_1_2,0,0,0,0,0,0,0,20220724,20221217
11_1_2,0,0,0,0,0,0,0,20220724,20221217
55_1_2,0,0,0,0,0,0,0,20220724,20221217
2_7_2,0,0,0,0,0,0,0,20220724,20221217
113_4_2,0,0,0,0,0,0,0,20220724,20221217
315_2,0,0,0,0,0,0,0,20220724,20221217
134_2,0,0,0,0,0,0,0,20220724,20221217
208_2,0,0,0,0,0,0,0,20220724,20221217
234_2,0,0,0,0,0,0,0,20220724,20221217
401_2_2,0,0,0,0,0,0,0,20220724,20221217
213_2,0,0,0,0,0,0,0,20220724,20221217
89_1_2,0,0,0,0,0,0,0,20220724,20221217
221_2,0,0,0,0,0,0,0,20220724,20221217
34_6_2,0,0,0,0,0,0,0,20220724,20221217
3011_2,0,0,0,0,0,0,0,20220724,20221217
310_2,0,0,0,0,0,0,0,20220724,20221217
1_7_2,0,0,0,0,0,0,0,20220724,20221217
505_2,0,0,0,0,0,0,0,20220724,20221217
311_2,0,0,0,0,0,0,0,20220724,20221217
84_1_2,0,0,0,0,0,0,0,20220724,20221217
213_2_2,0,0,0,0,0,0,0,20220724,20221217
3052_2,0,0,0,0,0,0,0,20220724,20221217
1_5_2,0,0,0,0,0,0,0,20220724,20221217
3132_2,0,0,0,0,0,0,0,20220724,20221217
115_5_2,0,0,0,0,0,0,0,20220724,20221217
130_2,0,0,0,0,0,0,0,20220724,20221217
58_2,0,0,0,0,0,0,0,20220724,20221217
203_1_2,0,0,0,0,0,0,0,20220724,20221217
33_2_2,0,0,0,0,0,0,0,20220724,20221217
229_2,0,0,0,0,0,0,0,20220724,20221217
1012_2,0,0,0,0,0,0,0,20220724,20221217
65_1_2,0,0,0,0,0,0,0,20220724,20221217
504_2_2,0,0,0,0,0,0,0,20220724,20221217
114_2,0,0,0,0,0,0,0,20220724,20221217
8_6_2,0,0,0,0,0,0,0,20220724,20221217
155_1_2,0,0,0,0,0,0,0,20220724,20221217
101_4_2,0,0,0,0,0,0,0,20220724,20221217
714_1_2,0,0,0,0,0,0,0,20220724,20221217
72_1_2,0,0,0,0,0,0,0,20220724,20221217
41_5_2,0,0,0,0,0,0,0,20220724,20221217
3042_2,0,0,0,0,0,0,0,20220724,20221217
Rail MTuWThF-XHol_2,0,0,0,0,0,0,0,20220724,20221217
310_1_2,0,0,0,0,0,0,0,20220724,20221217
7082_2,0,0,0,0,0,0,0,20220724,20221217
112_5_2,0,0,0,0,0,0,0,20220724,20221217
10_5_2,0,0,0,0,0,0,0,20220724,20221217
217_2,0,0,0,0,0,0,0,20220724,20221217
19_6_2,0,0,0,0,0,0,0,20220724,20221217
8032_2,0,0,0,0,0,0,0,20220724,20221217
5_5_2,0,0,0,0,0,0,0,20220724,20221217
7011_2,0,0,0,0,0,0,0,20220724,20221217
3122_2,0,0,0,0,0,0,0,20220724,20221217
522_2,0,0,0,0,0,0,0,20220724,20221217
119_2,0,0,0,0,0,0,0,20220724,20221217
212_2_2,0,0,0,0,0,0,0,20220724,20221217
3071_2,0,0,0,0,0,0,0,20220724,20221217
306_1_2,0,0,0,0,0,0,0,20220724,20221217
711_1_2,0,0,0,0,0,0,0,20220724,20221217
406_1_2,0,0,0,0,0,0,0,20220724,20221217
515_1_2,0,0,0,0,0,0,0,20220724,20221217
106_4_2,0,0,0,0,0,0,0,20220724,20221217
31_6_2,0,0,0,0,0,0,0,20220724,20221217
25_7_2,0,0,0,0,0,0,0,20220724,20221217
10_4_2,0,0,0,0,0,0,0,20220724,20221217
6052_2,0,0,0,0,0,0,0,20220724,20221217
1_6_2,0,0,0,0,0,0,0,20220724,20221217
2012_2,0,0,0,0,0,0,0,20220724,20221217
2011_2,0,0,0,0,0,0,0,20220724,20221217
27_5_2,0,0,0,0,0,0,0,20220724,20221217
208_1_2,0,0,0,0,0,0,0,20220724,20221217
781_2,0,0,0,0,0,0,0,20220724,20221217
203_8_2,0,0,0,0,0,0,0,20220724,20221217
3061_2,0,0,0,0,0,0,0,20220724,20221217
306_2,0,0,0,0,0,0,0,20220724,20221217
702_2_2,0,0,0,0,0,0,0,20220724,20221217
Rail Sa-XSun_2,0,0,0,0,0,0,0,20220724,20221217
14_5_2,0,0,0,0,0,0,0,20220724,20221217
3031_2,0,0,0,0,0,0,0,20220724,20221217
64_1_2,0,0,0,0,0,0,0,20220724,20221217
514_2,0,0,0,0,0,0,0,20220724,20221217
515_2,0,0,0,0,0,0,0,20220724,20221217
6072_2,0,0,0,0,0,0,0,20220724,20221217
109_1_2,0,0,0,0,0,0,0,20220724,20221217
3193_2,0,0,0,0,0,0,0,20220724,20221217
307_2,0,0,0,0,0,0,0,20220724,20221217
104_2,0,0,0,0,0,0,0,20220724,20221217
3101_2,0,0,0,0,0,0,0,20220724,20221217
15_7_2,0,0,0,0,0,0,0,20220724,20221217
613_2,0,0,0,0,0,0,0,20220724,20221217
322_2,0,0,0,0,0,0,0,20220724,20221217
403_2_2,0,0,0,0,0,0,0,20220724,20221217
WHF MTuWThF-XHol_2,0,0,0,0,0,0,0,20220724,20221217
38_5_2,0,0,0,0,0,0,0,20220724,20221217
57_2,0,0,0,0,0,0,0,20220724,20221217
41_6_2,0,0,0,0,0,0,0,20220724,20221217
6_5_2,0,0,0,0,0,0,0,20220724,20221217
101_2_2,0,0,0,0,0,0,0,20220724,20221217
3201_2,0,0,0,0,0,0,0,20220724,20221217
402_1_2,0,0,0,0,0,0,0,20220724,20221217
124_2,0,0,0,0,0,0,0,20220724,20221217
750_2,0,0,0,0,0,0,0,20220724,20221217
73_3_2,0,0,0,0,0,0,0,20220724,20221217
8021_2,0,0,0,0,0,0,0,20220724,20221217
4_8_2,0,0,0,0,0,0,0,20220724,20221217
20_4_2,0,0,0,0,0,0,0,20220724,20221217
205_1_2,0,0,0,0,0,0,0,20220724,20221217
128_2,0,0,0,0,0,0,0,20220724,20221217
215_2,0,0,0,0,0,0,0,20220724,20221217
412_1_2,0,0,0,0,0,0,0,20220724,20221217
204_6_2,0,0,0,0,0,0,0,20220724,20221217
