service_id,date,exception_type
221_1,20221003,1
221_1,20221004,1
221_1,20221005,1
221_1,20221006,1
221_1,20221007,1
221_1,20221010,1
221_1,20221011,1
221_1,20221012,1
221_1,20221013,1
221_1,20221014,1
204,20221002,1
204,20221009,1
8052,20221002,1
8052,20221009,1
124_1,20221003,1
124_1,20221004,1
124_1,20221005,1
124_1,20221006,1
124_1,20221007,1
124_1,20221010,1
124_1,20221011,1
124_1,20221012,1
124_1,20221013,1
124_1,20221014,1
213_1,20221008,1
213_1,20221015,1
102,20221002,1
102,20221009,1
214,20221002,1
214,20221009,1
23_3,20221002,1
23_3,20221009,1
2012_1,20221008,1
2012_1,20221015,1
701_1,20221003,1
701_1,20221004,1
701_1,20221005,1
701_1,20221006,1
701_1,20221007,1
701_1,20221010,1
701_1,20221011,1
701_1,20221012,1
701_1,20221013,1
701_1,20221014,1
512,20221008,1
512,20221015,1
3371_1,20221003,1
3371_1,20221004,1
3371_1,20221005,1
3371_1,20221006,1
3371_1,20221007,1
3371_1,20221010,1
3371_1,20221011,1
3371_1,20221012,1
3371_1,20221013,1
3371_1,20221014,1
50_2,20221003,1
50_2,20221004,1
50_2,20221005,1
50_2,20221006,1
50_2,20221007,1
50_2,20221010,1
50_2,20221011,1
50_2,20221012,1
50_2,20221013,1
50_2,20221014,1
133,20221003,1
133,20221004,1
133,20221005,1
133,20221006,1
133,20221007,1
133,20221010,1
133,20221011,1
133,20221012,1
133,20221013,1
133,20221014,1
6132,20221003,1
6132,20221004,1
6132,20221005,1
6132,20221006,1
6132,20221007,1
6132,20221010,1
6132,20221011,1
6132,20221012,1
6132,20221013,1
6132,20221014,1
203_4,20221008,1
203_4,20221015,1
902,20221003,1
902,20221004,1
902,20221005,1
902,20221006,1
902,20221007,1
902,20221010,1
902,20221011,1
902,20221012,1
902,20221013,1
902,20221014,1
114_1,20221002,1
114_1,20221009,1
3381_1,20221003,1
3381_1,20221004,1
3381_1,20221005,1
3381_1,20221006,1
3381_1,20221007,1
3381_1,20221010,1
3381_1,20221011,1
3381_1,20221012,1
3381_1,20221013,1
3381_1,20221014,1
710_1,20221008,1
710_1,20221015,1
404_2,20221003,1
404_2,20221004,1
404_2,20221005,1
404_2,20221006,1
404_2,20221007,1
404_2,20221010,1
404_2,20221011,1
404_2,20221012,1
404_2,20221013,1
404_2,20221014,1
412_1,20221003,1
412_1,20221004,1
412_1,20221005,1
412_1,20221006,1
412_1,20221007,1
412_1,20221010,1
412_1,20221011,1
412_1,20221012,1
412_1,20221013,1
412_1,20221014,1
104_1,20221002,1
104_1,20221009,1
423,20221003,1
423,20221004,1
423,20221005,1
423,20221006,1
423,20221007,1
423,20221010,1
423,20221011,1
423,20221012,1
423,20221013,1
423,20221014,1
203_1,20221002,1
203_1,20221009,1
215,20221002,1
215,20221009,1
2022_1,20221008,1
2022_1,20221015,1
602,20221002,1
602,20221009,1
126_1,20221003,1
126_1,20221004,1
126_1,20221005,1
126_1,20221006,1
126_1,20221007,1
126_1,20221010,1
126_1,20221011,1
126_1,20221012,1
126_1,20221013,1
126_1,20221014,1
411,20221008,1
411,20221015,1
715_1,20221008,1
715_1,20221015,1
709_1,20221008,1
709_1,20221015,1
211_2,20221008,1
211_2,20221015,1
206_1,20221002,1
206_1,20221009,1
320,20221003,1
320,20221004,1
320,20221005,1
320,20221006,1
320,20221007,1
320,20221010,1
320,20221011,1
320,20221012,1
320,20221013,1
320,20221014,1
54_2,20221003,1
54_2,20221004,1
54_2,20221005,1
54_2,20221006,1
54_2,20221007,1
54_2,20221010,1
54_2,20221011,1
54_2,20221012,1
54_2,20221013,1
54_2,20221014,1
201_4,20221008,1
201_4,20221015,1
109,20221002,1
109,20221009,1
21_3,20221002,1
21_3,20221009,1
6031,20221003,1
6031,20221004,1
6031,20221005,1
6031,20221006,1
6031,20221007,1
6031,20221010,1
6031,20221011,1
6031,20221012,1
6031,20221013,1
6031,20221014,1
511,20221008,1
511,20221015,1
501_1,20221008,1
501_1,20221015,1
129_1,20221003,1
129_1,20221004,1
129_1,20221005,1
129_1,20221006,1
129_1,20221007,1
129_1,20221010,1
129_1,20221011,1
129_1,20221012,1
129_1,20221013,1
129_1,20221014,1
901,20221003,1
901,20221004,1
901,20221005,1
901,20221006,1
901,20221007,1
901,20221010,1
901,20221011,1
901,20221012,1
901,20221013,1
901,20221014,1
413_1,20221003,1
413_1,20221004,1
413_1,20221005,1
413_1,20221006,1
413_1,20221007,1
413_1,20221010,1
413_1,20221011,1
413_1,20221012,1
413_1,20221013,1
413_1,20221014,1
117_4,20221003,1
117_4,20221004,1
117_4,20221005,1
117_4,20221006,1
117_4,20221007,1
117_4,20221010,1
117_4,20221011,1
117_4,20221012,1
117_4,20221013,1
117_4,20221014,1
302_1,20221008,1
302_1,20221015,1
17_6,20221003,1
17_6,20221004,1
17_6,20221005,1
17_6,20221006,1
17_6,20221007,1
17_6,20221010,1
17_6,20221011,1
17_6,20221012,1
17_6,20221013,1
17_6,20221014,1
1002_1,20221008,1
1002_1,20221015,1
200_5,20221003,1
200_5,20221004,1
200_5,20221005,1
200_5,20221006,1
200_5,20221007,1
200_5,20221010,1
200_5,20221011,1
200_5,20221012,1
200_5,20221013,1
200_5,20221014,1
516_1,20221003,1
516_1,20221004,1
516_1,20221005,1
516_1,20221006,1
516_1,20221010,1
516_1,20221011,1
516_1,20221012,1
516_1,20221013,1
507_1,20221003,1
507_1,20221004,1
507_1,20221005,1
507_1,20221006,1
507_1,20221007,1
507_1,20221010,1
507_1,20221011,1
507_1,20221012,1
507_1,20221013,1
507_1,20221014,1
25_5,20221008,1
25_5,20221015,1
209_3,20221003,1
209_3,20221004,1
209_3,20221005,1
209_3,20221006,1
209_3,20221007,1
209_3,20221010,1
209_3,20221011,1
209_3,20221012,1
209_3,20221013,1
209_3,20221014,1
8_4,20221003,1
8_4,20221004,1
8_4,20221005,1
8_4,20221006,1
8_4,20221007,1
8_4,20221010,1
8_4,20221011,1
8_4,20221012,1
8_4,20221013,1
8_4,20221014,1
1021_1,20221002,1
1021_1,20221009,1
31_4,20221004,1
31_4,20221006,1
31_4,20221007,1
31_4,20221011,1
31_4,20221013,1
31_4,20221014,1
27_5,20221008,1
27_5,20221015,1
701,20221008,1
701,20221015,1
401,20221002,1
401,20221009,1
Rail SaSu+Hol-Xmas (WRL),20221002,1
Rail SaSu+Hol-Xmas (WRL),20221008,1
Rail SaSu+Hol-Xmas (WRL),20221009,1
Rail SaSu+Hol-Xmas (WRL),20221015,1
202_1,20221002,1
202_1,20221009,1
107,20221002,1
107,20221009,1
308,20221002,1
308,20221009,1
605_1,20221003,1
605_1,20221004,1
605_1,20221005,1
605_1,20221006,1
605_1,20221007,1
605_1,20221010,1
605_1,20221011,1
605_1,20221012,1
605_1,20221013,1
605_1,20221014,1
104_4,20221003,1
104_4,20221004,1
104_4,20221005,1
104_4,20221006,1
104_4,20221007,1
104_4,20221010,1
104_4,20221011,1
104_4,20221012,1
104_4,20221013,1
104_4,20221014,1
603_1,20221008,1
603_1,20221015,1
2062_1,20221008,1
2062_1,20221015,1
2102_1,20221008,1
2102_1,20221015,1
206_4,20221008,1
206_4,20221015,1
221,20221008,1
221,20221015,1
4_6,20221008,1
4_6,20221015,1
6091,20221003,1
6091,20221004,1
6091,20221005,1
6091,20221006,1
6091,20221007,1
6091,20221010,1
6091,20221011,1
6091,20221012,1
6091,20221013,1
6091,20221014,1
118,20221002,1
118,20221009,1
74_1,20221003,1
74_1,20221004,1
74_1,20221005,1
74_1,20221006,1
74_1,20221007,1
74_1,20221010,1
74_1,20221011,1
74_1,20221012,1
74_1,20221013,1
74_1,20221014,1
8071,20221002,1
8071,20221009,1
113_1,20221003,1
113_1,20221004,1
113_1,20221005,1
113_1,20221006,1
113_1,20221007,1
113_1,20221010,1
113_1,20221011,1
113_1,20221012,1
113_1,20221013,1
113_1,20221014,1
7_6,20221003,1
7_6,20221004,1
7_6,20221005,1
7_6,20221006,1
7_6,20221007,1
7_6,20221010,1
7_6,20221011,1
7_6,20221012,1
7_6,20221013,1
7_6,20221014,1
117,20221002,1
117,20221009,1
12_6,20221003,1
12_6,20221004,1
12_6,20221005,1
12_6,20221006,1
12_6,20221007,1
12_6,20221010,1
12_6,20221011,1
12_6,20221012,1
12_6,20221013,1
12_6,20221014,1
3202_1,20221003,1
3202_1,20221004,1
3202_1,20221005,1
3202_1,20221006,1
3202_1,20221007,1
3202_1,20221010,1
3202_1,20221011,1
3202_1,20221012,1
3202_1,20221013,1
3202_1,20221014,1
30_6,20221003,1
30_6,20221004,1
30_6,20221005,1
30_6,20221006,1
30_6,20221007,1
30_6,20221010,1
30_6,20221011,1
30_6,20221012,1
30_6,20221013,1
30_6,20221014,1
418_4,20221003,1
418_4,20221004,1
418_4,20221005,1
418_4,20221006,1
418_4,20221007,1
418_4,20221010,1
418_4,20221011,1
418_4,20221012,1
418_4,20221013,1
418_4,20221014,1
3_3,20221002,1
3_3,20221009,1
3201_1,20221003,1
3201_1,20221004,1
3201_1,20221005,1
3201_1,20221006,1
3201_1,20221007,1
3201_1,20221010,1
3201_1,20221011,1
3201_1,20221012,1
3201_1,20221013,1
3201_1,20221014,1
312,20221002,1
312,20221008,1
312,20221009,1
312,20221015,1
301_2,20221003,1
301_2,20221004,1
301_2,20221005,1
301_2,20221006,1
301_2,20221007,1
301_2,20221010,1
301_2,20221011,1
301_2,20221012,1
301_2,20221013,1
301_2,20221014,1
405_1,20221008,1
405_1,20221015,1
108,20221002,1
108,20221009,1
20_6,20221003,1
20_6,20221004,1
20_6,20221005,1
20_6,20221006,1
20_6,20221007,1
20_6,20221010,1
20_6,20221011,1
20_6,20221012,1
20_6,20221013,1
20_6,20221014,1
111_2,20221002,1
111_2,20221009,1
128_1,20221003,1
128_1,20221004,1
128_1,20221005,1
128_1,20221006,1
128_1,20221007,1
128_1,20221010,1
128_1,20221011,1
128_1,20221012,1
128_1,20221013,1
128_1,20221014,1
132,20221003,1
132,20221004,1
132,20221005,1
132,20221006,1
132,20221007,1
132,20221010,1
132,20221011,1
132,20221012,1
132,20221013,1
132,20221014,1
110_3,20221008,1
110_3,20221015,1
316,20221003,1
316,20221004,1
316,20221005,1
316,20221006,1
316,20221007,1
316,20221010,1
316,20221011,1
316,20221012,1
316,20221013,1
316,20221014,1
15_4,20221003,1
15_4,20221004,1
15_4,20221005,1
15_4,20221006,1
15_4,20221007,1
15_4,20221010,1
15_4,20221011,1
15_4,20221012,1
15_4,20221013,1
15_4,20221014,1
201,20221002,1
201,20221009,1
41_5,20221003,1
41_5,20221004,1
41_5,20221005,1
41_5,20221006,1
41_5,20221007,1
41_5,20221010,1
41_5,20221011,1
41_5,20221012,1
41_5,20221013,1
41_5,20221014,1
508_1,20221008,1
508_1,20221015,1
36_6,20221003,1
36_6,20221004,1
36_6,20221005,1
36_6,20221006,1
36_6,20221007,1
36_6,20221010,1
36_6,20221011,1
36_6,20221012,1
36_6,20221013,1
36_6,20221014,1
17_3,20221002,1
17_3,20221009,1
19_6,20221003,1
19_6,20221004,1
19_6,20221005,1
19_6,20221006,1
19_6,20221007,1
19_6,20221010,1
19_6,20221011,1
19_6,20221012,1
19_6,20221013,1
19_6,20221014,1
210_2,20221008,1
210_2,20221015,1
24_5,20221008,1
24_5,20221015,1
1_3,20221002,1
1_3,20221009,1
416,20221002,1
416,20221009,1
5_4,20221003,1
5_4,20221004,1
5_4,20221005,1
5_4,20221006,1
5_4,20221007,1
5_4,20221010,1
5_4,20221011,1
5_4,20221012,1
5_4,20221013,1
5_4,20221014,1
7021,20221008,1
7021,20221015,1
119,20221003,1
119,20221004,1
119,20221005,1
119,20221006,1
119,20221007,1
119,20221010,1
119,20221011,1
119,20221012,1
119,20221013,1
119,20221014,1
2111_1,20221008,1
2111_1,20221015,1
Rail Sa-XSun,20221008,1
Rail Sa-XSun,20221015,1
38_6,20221003,1
38_6,20221004,1
38_6,20221005,1
38_6,20221006,1
38_6,20221007,1
38_6,20221010,1
38_6,20221011,1
38_6,20221012,1
38_6,20221013,1
38_6,20221014,1
317_1,20221003,1
317_1,20221004,1
317_1,20221005,1
317_1,20221010,1
317_1,20221011,1
317_1,20221012,1
227,20221003,1
227,20221004,1
227,20221005,1
227,20221006,1
227,20221007,1
227,20221010,1
227,20221011,1
227,20221012,1
227,20221013,1
227,20221014,1
45_3,20221003,1
45_3,20221004,1
45_3,20221005,1
45_3,20221006,1
45_3,20221007,1
45_3,20221010,1
45_3,20221011,1
45_3,20221012,1
45_3,20221013,1
45_3,20221014,1
114,20221002,1
114,20221009,1
410,20221008,1
410,20221015,1
43_3,20221002,1
43_3,20221009,1
214_1,20221008,1
214_1,20221015,1
57_2,20221003,1
57_2,20221004,1
57_2,20221005,1
57_2,20221006,1
57_2,20221007,1
57_2,20221010,1
57_2,20221011,1
57_2,20221012,1
57_2,20221013,1
57_2,20221014,1
60_1,20221003,1
60_1,20221004,1
60_1,20221005,1
60_1,20221006,1
60_1,20221007,1
60_1,20221010,1
60_1,20221011,1
60_1,20221012,1
60_1,20221013,1
60_1,20221014,1
55_2,20221003,1
55_2,20221004,1
55_2,20221005,1
55_2,20221006,1
55_2,20221007,1
55_2,20221010,1
55_2,20221011,1
55_2,20221012,1
55_2,20221013,1
55_2,20221014,1
703,20221003,1
703,20221004,1
703,20221005,1
703,20221006,1
703,20221007,1
703,20221010,1
703,20221011,1
703,20221012,1
703,20221013,1
703,20221014,1
102_3,20221003,1
102_3,20221004,1
102_3,20221005,1
102_3,20221006,1
102_3,20221007,1
102_3,20221010,1
102_3,20221011,1
102_3,20221012,1
102_3,20221013,1
102_3,20221014,1
603_2,20221003,1
603_2,20221004,1
603_2,20221005,1
603_2,20221006,1
603_2,20221007,1
603_2,20221010,1
603_2,20221011,1
603_2,20221012,1
603_2,20221013,1
603_2,20221014,1
224,20221003,1
224,20221004,1
224,20221005,1
224,20221006,1
224,20221007,1
224,20221010,1
224,20221011,1
224,20221012,1
224,20221013,1
224,20221014,1
303,20221002,1
303,20221009,1
10_6,20221003,1
10_6,20221004,1
10_6,20221005,1
10_6,20221006,1
10_6,20221007,1
10_6,20221010,1
10_6,20221011,1
10_6,20221012,1
10_6,20221013,1
10_6,20221014,1
720_1,20221008,1
720_1,20221015,1
41_4,20221008,1
41_4,20221015,1
229,20221003,1
229,20221004,1
229,20221005,1
229,20221006,1
229,20221007,1
229,20221010,1
229,20221011,1
229,20221012,1
229,20221013,1
229,20221014,1
26_4,20221008,1
26_4,20221015,1
6082,20221003,1
6082,20221004,1
6082,20221005,1
6082,20221006,1
6082,20221007,1
6082,20221010,1
6082,20221011,1
6082,20221012,1
6082,20221013,1
6082,20221014,1
57_1,20221003,1
57_1,20221004,1
57_1,20221005,1
57_1,20221006,1
57_1,20221007,1
57_1,20221010,1
57_1,20221011,1
57_1,20221012,1
57_1,20221013,1
57_1,20221014,1
1001_2,20221003,1
1001_2,20221004,1
1001_2,20221005,1
1001_2,20221006,1
1001_2,20221007,1
1001_2,20221010,1
1001_2,20221011,1
1001_2,20221012,1
1001_2,20221013,1
1001_2,20221014,1
505_2,20221003,1
505_2,20221004,1
505_2,20221005,1
505_2,20221006,1
505_2,20221007,1
505_2,20221010,1
505_2,20221011,1
505_2,20221012,1
505_2,20221013,1
505_2,20221014,1
138,20221003,1
138,20221004,1
138,20221005,1
138,20221006,1
138,20221007,1
138,20221010,1
138,20221011,1
138,20221012,1
138,20221013,1
138,20221014,1
20_3,20221002,1
20_3,20221009,1
414,20221008,1
414,20221015,1
750,20221008,1
750,20221015,1
718_1,20221008,1
718_1,20221015,1
1042_1,20221002,1
1042_1,20221009,1
8082,20221002,1
8082,20221009,1
225,20221003,1
225,20221004,1
225,20221005,1
225,20221006,1
225,20221007,1
225,20221010,1
225,20221011,1
225,20221012,1
225,20221013,1
225,20221014,1
416_1,20221008,1
416_1,20221015,1
201_1,20221002,1
201_1,20221009,1
116_1,20221003,1
116_1,20221004,1
116_1,20221005,1
116_1,20221006,1
116_1,20221007,1
116_1,20221010,1
116_1,20221011,1
116_1,20221012,1
116_1,20221013,1
116_1,20221014,1
37_4,20221003,1
37_4,20221004,1
37_4,20221005,1
37_4,20221006,1
37_4,20221007,1
37_4,20221010,1
37_4,20221011,1
37_4,20221012,1
37_4,20221013,1
37_4,20221014,1
504_1,20221008,1
504_1,20221015,1
218_2,20221003,1
218_2,20221004,1
218_2,20221005,1
218_2,20221006,1
218_2,20221007,1
218_2,20221010,1
218_2,20221011,1
218_2,20221012,1
218_2,20221013,1
218_2,20221014,1
3112_1,20221003,1
3112_1,20221004,1
3112_1,20221005,1
3112_1,20221006,1
3112_1,20221007,1
3112_1,20221010,1
3112_1,20221011,1
3112_1,20221012,1
3112_1,20221013,1
3112_1,20221014,1
407_1,20221008,1
407_1,20221015,1
206_2,20221008,1
206_2,20221015,1
3061_1,20221003,1
3061_1,20221004,1
3061_1,20221005,1
3061_1,20221006,1
3061_1,20221007,1
3061_1,20221010,1
3061_1,20221011,1
3061_1,20221012,1
3061_1,20221013,1
3061_1,20221014,1
7061,20221008,1
7061,20221015,1
3161_1,20221003,1
3161_1,20221004,1
3161_1,20221005,1
3161_1,20221006,1
3161_1,20221007,1
3161_1,20221010,1
3161_1,20221011,1
3161_1,20221012,1
3161_1,20221013,1
3161_1,20221014,1
408_2,20221003,1
408_2,20221004,1
408_2,20221005,1
408_2,20221006,1
408_2,20221007,1
408_2,20221010,1
408_2,20221011,1
408_2,20221012,1
408_2,20221013,1
408_2,20221014,1
8022,20221002,1
8022,20221009,1
29_4,20221003,1
29_4,20221004,1
29_4,20221005,1
29_4,20221006,1
29_4,20221007,1
29_4,20221010,1
29_4,20221011,1
29_4,20221012,1
29_4,20221013,1
29_4,20221014,1
7051,20221008,1
7051,20221015,1
103_2,20221008,1
103_2,20221015,1
38_3,20221002,1
38_3,20221009,1
403_2,20221003,1
403_2,20221004,1
403_2,20221005,1
403_2,20221006,1
403_2,20221007,1
403_2,20221010,1
403_2,20221011,1
403_2,20221012,1
403_2,20221013,1
403_2,20221014,1
304_1,20221008,1
304_1,20221015,1
405_2,20221003,1
405_2,20221004,1
405_2,20221005,1
405_2,20221006,1
405_2,20221007,1
405_2,20221010,1
405_2,20221011,1
405_2,20221012,1
405_2,20221013,1
405_2,20221014,1
309_1,20221008,1
309_1,20221015,1
502_1,20221008,1
502_1,20221015,1
18_6,20221003,1
18_6,20221004,1
18_6,20221005,1
18_6,20221006,1
18_6,20221007,1
18_6,20221010,1
18_6,20221011,1
18_6,20221012,1
18_6,20221013,1
18_6,20221014,1
156_1,20221003,1
156_1,20221004,1
156_1,20221005,1
156_1,20221006,1
156_1,20221007,1
156_1,20221010,1
156_1,20221011,1
156_1,20221012,1
156_1,20221013,1
156_1,20221014,1
312_3,20221003,1
312_3,20221004,1
312_3,20221005,1
312_3,20221010,1
312_3,20221011,1
312_3,20221012,1
418_1,20221008,1
418_1,20221015,1
510_1,20221003,1
510_1,20221004,1
510_1,20221005,1
510_1,20221006,1
510_1,20221007,1
510_1,20221010,1
510_1,20221011,1
510_1,20221012,1
510_1,20221013,1
510_1,20221014,1
24_6,20221003,1
24_6,20221004,1
24_6,20221005,1
24_6,20221006,1
24_6,20221007,1
24_6,20221010,1
24_6,20221011,1
24_6,20221012,1
24_6,20221013,1
24_6,20221014,1
3162_1,20221003,1
3162_1,20221004,1
3162_1,20221005,1
3162_1,20221006,1
3162_1,20221007,1
3162_1,20221010,1
3162_1,20221011,1
3162_1,20221012,1
3162_1,20221013,1
3162_1,20221014,1
412,20221008,1
412,20221015,1
1062_1,20221002,1
1062_1,20221009,1
3271_1,20221003,1
3271_1,20221004,1
3271_1,20221005,1
3271_1,20221006,1
3271_1,20221007,1
3271_1,20221010,1
3271_1,20221011,1
3271_1,20221012,1
3271_1,20221013,1
3271_1,20221014,1
208_1,20221003,1
208_1,20221004,1
208_1,20221005,1
208_1,20221006,1
208_1,20221007,1
208_1,20221010,1
208_1,20221011,1
208_1,20221012,1
208_1,20221013,1
208_1,20221014,1
6032,20221003,1
6032,20221004,1
6032,20221005,1
6032,20221006,1
6032,20221007,1
6032,20221010,1
6032,20221011,1
6032,20221012,1
6032,20221013,1
6032,20221014,1
506_1,20221008,1
506_1,20221015,1
220,20221008,1
220,20221015,1
714_1,20221008,1
714_1,20221015,1
134,20221003,1
134,20221004,1
134,20221005,1
134,20221006,1
134,20221007,1
134,20221010,1
134,20221011,1
134,20221012,1
134,20221013,1
134,20221014,1
25_6,20221003,1
25_6,20221004,1
25_6,20221005,1
25_6,20221006,1
25_6,20221007,1
25_6,20221010,1
25_6,20221011,1
25_6,20221012,1
25_6,20221013,1
25_6,20221014,1
120,20221003,1
120,20221004,1
120,20221005,1
120,20221006,1
120,20221007,1
120,20221010,1
120,20221011,1
120,20221012,1
120,20221013,1
120,20221014,1
42_3,20221002,1
42_3,20221009,1
315,20221003,1
315,20221004,1
315,20221005,1
315,20221006,1
315,20221007,1
315,20221010,1
315,20221011,1
315,20221012,1
315,20221013,1
315,20221014,1
214_2,20221003,1
214_2,20221004,1
214_2,20221005,1
214_2,20221006,1
214_2,20221007,1
214_2,20221010,1
214_2,20221011,1
214_2,20221012,1
214_2,20221013,1
214_2,20221014,1
602_1,20221008,1
602_1,20221015,1
212_1,20221008,1
212_1,20221015,1
127_1,20221003,1
127_1,20221004,1
127_1,20221005,1
127_1,20221006,1
127_1,20221007,1
127_1,20221010,1
127_1,20221011,1
127_1,20221012,1
127_1,20221013,1
127_1,20221014,1
417_1,20221003,1
417_1,20221004,1
417_1,20221005,1
417_1,20221006,1
417_1,20221007,1
417_1,20221010,1
417_1,20221011,1
417_1,20221012,1
417_1,20221013,1
417_1,20221014,1
1072_1,20221002,1
1072_1,20221009,1
22_3,20221002,1
22_3,20221009,1
106_1,20221002,1
106_1,20221009,1
8081,20221002,1
8081,20221009,1
215_1,20221008,1
215_1,20221015,1
205,20221002,1
205,20221009,1
518,20221003,1
518,20221004,1
518,20221005,1
518,20221006,1
518,20221007,1
518,20221010,1
518,20221011,1
518,20221012,1
518,20221013,1
518,20221014,1
151_1,20221002,1
151_1,20221009,1
6_4,20221003,1
6_4,20221004,1
6_4,20221005,1
6_4,20221006,1
6_4,20221007,1
6_4,20221010,1
6_4,20221011,1
6_4,20221012,1
6_4,20221013,1
6_4,20221014,1
610,20221003,1
610,20221004,1
610,20221005,1
610,20221006,1
610,20221007,1
610,20221010,1
610,20221011,1
610,20221012,1
610,20221013,1
610,20221014,1
21_5,20221008,1
21_5,20221015,1
33_6,20221003,1
33_6,20221004,1
33_6,20221005,1
33_6,20221006,1
33_6,20221007,1
33_6,20221010,1
33_6,20221011,1
33_6,20221012,1
33_6,20221013,1
33_6,20221014,1
216_1,20221008,1
216_1,20221015,1
32_3,20221002,1
32_3,20221009,1
201_3,20221003,1
201_3,20221004,1
201_3,20221005,1
201_3,20221006,1
201_3,20221007,1
201_3,20221010,1
201_3,20221011,1
201_3,20221012,1
201_3,20221013,1
201_3,20221014,1
116_2,20221008,1
116_2,20221015,1
55_1,20221003,1
55_1,20221004,1
55_1,20221005,1
55_1,20221006,1
55_1,20221007,1
55_1,20221010,1
55_1,20221011,1
55_1,20221012,1
55_1,20221013,1
55_1,20221014,1
604_1,20221008,1
604_1,20221015,1
Rail SaSu+Hol,20221002,1
Rail SaSu+Hol,20221008,1
Rail SaSu+Hol,20221009,1
Rail SaSu+Hol,20221015,1
33_3,20221002,1
33_3,20221009,1
713_1,20221008,1
713_1,20221015,1
3172_1,20221003,1
3172_1,20221004,1
3172_1,20221005,1
3172_1,20221006,1
3172_1,20221007,1
3172_1,20221010,1
3172_1,20221011,1
3172_1,20221012,1
3172_1,20221013,1
3172_1,20221014,1
35_5,20221008,1
35_5,20221015,1
51_1,20221003,1
51_1,20221004,1
51_1,20221005,1
51_1,20221006,1
51_1,20221007,1
51_1,20221010,1
51_1,20221011,1
51_1,20221012,1
51_1,20221013,1
51_1,20221014,1
3102_1,20221003,1
3102_1,20221004,1
3102_1,20221005,1
3102_1,20221006,1
3102_1,20221007,1
3102_1,20221010,1
3102_1,20221011,1
3102_1,20221012,1
3102_1,20221013,1
3102_1,20221014,1
307_1,20221008,1
307_1,20221015,1
105_2,20221008,1
105_2,20221015,1
404_1,20221008,1
404_1,20221015,1
706_1,20221008,1
706_1,20221015,1
2031_1,20221008,1
2031_1,20221015,1
206_3,20221003,1
206_3,20221004,1
206_3,20221005,1
206_3,20221006,1
206_3,20221007,1
206_3,20221010,1
206_3,20221011,1
206_3,20221012,1
206_3,20221013,1
206_3,20221014,1
83_1,20221003,1
83_1,20221004,1
83_1,20221005,1
83_1,20221006,1
83_1,20221007,1
83_1,20221010,1
83_1,20221011,1
83_1,20221012,1
83_1,20221013,1
83_1,20221014,1
6051,20221003,1
6051,20221004,1
6051,20221005,1
6051,20221006,1
6051,20221007,1
6051,20221010,1
6051,20221011,1
6051,20221012,1
6051,20221013,1
6051,20221014,1
115_1,20221003,1
115_1,20221004,1
115_1,20221005,1
115_1,20221006,1
115_1,20221007,1
115_1,20221010,1
115_1,20221011,1
115_1,20221012,1
115_1,20221013,1
115_1,20221014,1
205_3,20221003,1
205_3,20221004,1
205_3,20221005,1
205_3,20221006,1
205_3,20221007,1
205_3,20221010,1
205_3,20221011,1
205_3,20221012,1
205_3,20221013,1
205_3,20221014,1
23_6,20221003,1
23_6,20221004,1
23_6,20221005,1
23_6,20221006,1
23_6,20221007,1
23_6,20221010,1
23_6,20221011,1
23_6,20221012,1
23_6,20221013,1
23_6,20221014,1
35_4,20221003,1
35_4,20221004,1
35_4,20221005,1
35_4,20221006,1
35_4,20221007,1
35_4,20221010,1
35_4,20221011,1
35_4,20221012,1
35_4,20221013,1
35_4,20221014,1
203,20221002,1
203,20221009,1
53_2,20221003,1
53_2,20221004,1
53_2,20221005,1
53_2,20221006,1
53_2,20221007,1
53_2,20221010,1
53_2,20221011,1
53_2,20221012,1
53_2,20221013,1
53_2,20221014,1
155_1,20221003,1
155_1,20221004,1
155_1,20221005,1
155_1,20221006,1
155_1,20221007,1
155_1,20221010,1
155_1,20221011,1
155_1,20221012,1
155_1,20221013,1
155_1,20221014,1
217_2,20221003,1
217_2,20221004,1
217_2,20221005,1
217_2,20221006,1
217_2,20221007,1
217_2,20221010,1
217_2,20221011,1
217_2,20221012,1
217_2,20221013,1
217_2,20221014,1
200_3,20221002,1
200_3,20221009,1
10_4,20221003,1
10_4,20221004,1
10_4,20221005,1
10_4,20221006,1
10_4,20221007,1
10_4,20221010,1
10_4,20221011,1
10_4,20221012,1
10_4,20221013,1
10_4,20221014,1
6171,20221003,1
6171,20221004,1
6171,20221005,1
6171,20221006,1
6171,20221007,1
6171,20221010,1
6171,20221011,1
6171,20221012,1
6171,20221013,1
6171,20221014,1
417,20221008,1
417,20221015,1
8102,20221002,1
8102,20221009,1
48_1,20221003,1
48_1,20221004,1
48_1,20221005,1
48_1,20221006,1
48_1,20221007,1
48_1,20221010,1
48_1,20221011,1
48_1,20221012,1
48_1,20221013,1
48_1,20221014,1
6112,20221003,1
6112,20221004,1
6112,20221005,1
6112,20221006,1
6112,20221007,1
6112,20221010,1
6112,20221011,1
6112,20221012,1
6112,20221013,1
6112,20221014,1
3042_1,20221003,1
3042_1,20221004,1
3042_1,20221005,1
3042_1,20221006,1
3042_1,20221007,1
3042_1,20221010,1
3042_1,20221011,1
3042_1,20221012,1
3042_1,20221013,1
3042_1,20221014,1
705_1,20221008,1
705_1,20221015,1
22_5,20221008,1
22_5,20221015,1
30_3,20221002,1
30_3,20221009,1
35_6,20221003,1
35_6,20221004,1
35_6,20221005,1
35_6,20221006,1
35_6,20221007,1
35_6,20221010,1
35_6,20221011,1
35_6,20221012,1
35_6,20221013,1
35_6,20221014,1
9_3,20221002,1
9_3,20221009,1
306_1,20221008,1
306_1,20221015,1
107_1,20221008,1
107_1,20221015,1
115_2,20221002,1
115_2,20221009,1
408_1,20221008,1
408_1,20221015,1
CCL MTuWThF-XHol,20221003,1
CCL MTuWThF-XHol,20221004,1
CCL MTuWThF-XHol,20221005,1
CCL MTuWThF-XHol,20221006,1
CCL MTuWThF-XHol,20221007,1
CCL MTuWThF-XHol,20221010,1
CCL MTuWThF-XHol,20221011,1
CCL MTuWThF-XHol,20221012,1
CCL MTuWThF-XHol,20221013,1
CCL MTuWThF-XHol,20221014,1
69_1,20221003,1
69_1,20221004,1
69_1,20221005,1
69_1,20221006,1
69_1,20221007,1
69_1,20221010,1
69_1,20221011,1
69_1,20221012,1
69_1,20221013,1
69_1,20221014,1
605,20221008,1
605,20221015,1
76_1,20221003,1
76_1,20221004,1
76_1,20221005,1
76_1,20221006,1
76_1,20221007,1
76_1,20221010,1
76_1,20221011,1
76_1,20221012,1
76_1,20221013,1
76_1,20221014,1
112_2,20221002,1
112_2,20221009,1
2_6,20221003,1
2_6,20221004,1
2_6,20221005,1
2_6,20221006,1
2_6,20221007,1
2_6,20221010,1
2_6,20221011,1
2_6,20221012,1
2_6,20221013,1
2_6,20221014,1
7072,20221008,1
7072,20221015,1
222,20221003,1
222,20221004,1
222,20221005,1
222,20221006,1
222,20221007,1
222,20221010,1
222,20221011,1
222,20221012,1
222,20221013,1
222,20221014,1
109_2,20221008,1
109_2,20221015,1
7012,20221008,1
7012,20221015,1
12_4,20221003,1
12_4,20221004,1
12_4,20221005,1
12_4,20221006,1
12_4,20221007,1
12_4,20221010,1
12_4,20221011,1
12_4,20221012,1
12_4,20221013,1
12_4,20221014,1
503_1,20221008,1
503_1,20221015,1
13_4,20221008,1
13_4,20221015,1
3272_1,20221003,1
3272_1,20221004,1
3272_1,20221005,1
3272_1,20221006,1
3272_1,20221007,1
3272_1,20221010,1
3272_1,20221011,1
3272_1,20221012,1
3272_1,20221013,1
3272_1,20221014,1
7062,20221008,1
7062,20221015,1
31_6,20221008,1
31_6,20221015,1
601_2,20221003,1
601_2,20221004,1
601_2,20221005,1
601_2,20221006,1
601_2,20221007,1
601_2,20221010,1
601_2,20221011,1
601_2,20221012,1
601_2,20221013,1
601_2,20221014,1
44_2,20221008,1
44_2,20221015,1
707_1,20221008,1
707_1,20221015,1
42_5,20221003,1
42_5,20221004,1
42_5,20221005,1
42_5,20221006,1
42_5,20221007,1
42_5,20221010,1
42_5,20221011,1
42_5,20221012,1
42_5,20221013,1
42_5,20221014,1
9_4,20221003,1
9_4,20221004,1
9_4,20221005,1
9_4,20221006,1
9_4,20221007,1
9_4,20221010,1
9_4,20221011,1
9_4,20221012,1
9_4,20221013,1
9_4,20221014,1
509,20221008,1
509,20221015,1
607,20221003,1
607,20221004,1
607,20221005,1
607,20221006,1
607,20221007,1
607,20221010,1
607,20221011,1
607,20221012,1
607,20221013,1
607,20221014,1
407,20221002,1
407,20221009,1
4_3,20221002,1
4_3,20221009,1
12_5,20221008,1
12_5,20221015,1
8051,20221002,1
8051,20221009,1
150_1,20221002,1
150_1,20221009,1
3301_1,20221003,1
3301_1,20221004,1
3301_1,20221005,1
3301_1,20221006,1
3301_1,20221007,1
3301_1,20221010,1
3301_1,20221011,1
3301_1,20221012,1
3301_1,20221013,1
3301_1,20221014,1
308_1,20221008,1
308_1,20221015,1
233,20221003,1
233,20221004,1
233,20221005,1
233,20221006,1
233,20221007,1
233,20221010,1
233,20221011,1
233,20221012,1
233,20221013,1
233,20221014,1
201_5,20221003,1
201_5,20221004,1
201_5,20221005,1
201_5,20221006,1
201_5,20221007,1
201_5,20221010,1
201_5,20221011,1
201_5,20221012,1
201_5,20221013,1
201_5,20221014,1
111_1,20221003,1
111_1,20221004,1
111_1,20221005,1
111_1,20221006,1
111_1,20221007,1
111_1,20221010,1
111_1,20221011,1
111_1,20221012,1
111_1,20221013,1
111_1,20221014,1
27_4,20221003,1
27_4,20221004,1
27_4,20221005,1
27_4,20221006,1
27_4,20221007,1
27_4,20221010,1
27_4,20221011,1
27_4,20221012,1
27_4,20221013,1
27_4,20221014,1
511_1,20221003,1
511_1,20221004,1
511_1,20221005,1
511_1,20221006,1
511_1,20221007,1
511_1,20221010,1
511_1,20221011,1
511_1,20221012,1
511_1,20221013,1
511_1,20221014,1
6_5,20221008,1
6_5,20221015,1
3071_1,20221003,1
3071_1,20221004,1
3071_1,20221005,1
3071_1,20221006,1
3071_1,20221007,1
3071_1,20221010,1
3071_1,20221011,1
3071_1,20221012,1
3071_1,20221013,1
3071_1,20221014,1
124,20221003,1
124,20221004,1
124,20221005,1
124,20221006,1
124,20221007,1
124,20221010,1
124,20221011,1
124,20221012,1
124,20221013,1
124,20221014,1
512_1,20221003,1
512_1,20221004,1
512_1,20221005,1
512_1,20221006,1
512_1,20221007,1
512_1,20221010,1
512_1,20221011,1
512_1,20221012,1
512_1,20221013,1
512_1,20221014,1
16_3,20221002,1
16_3,20221009,1
47_1,20221003,1
47_1,20221004,1
47_1,20221005,1
47_1,20221006,1
47_1,20221007,1
47_1,20221010,1
47_1,20221011,1
47_1,20221012,1
47_1,20221013,1
47_1,20221014,1
506_2,20221003,1
506_2,20221004,1
506_2,20221005,1
506_2,20221006,1
506_2,20221007,1
506_2,20221010,1
506_2,20221011,1
506_2,20221012,1
506_2,20221013,1
506_2,20221014,1
20_4,20221003,1
20_4,20221004,1
20_4,20221005,1
20_4,20221006,1
20_4,20221007,1
20_4,20221010,1
20_4,20221011,1
20_4,20221012,1
20_4,20221013,1
20_4,20221014,1
702_1,20221008,1
702_1,20221015,1
110_2,20221002,1
110_2,20221009,1
306_3,20221003,1
306_3,20221004,1
306_3,20221005,1
306_3,20221010,1
306_3,20221011,1
306_3,20221012,1
140,20221003,1
140,20221004,1
140,20221005,1
140,20221006,1
140,20221007,1
140,20221010,1
140,20221011,1
140,20221012,1
140,20221013,1
140,20221014,1
106_2,20221008,1
106_2,20221015,1
10_5,20221008,1
10_5,20221015,1
153_1,20221002,1
153_1,20221009,1
304,20221002,1
304,20221009,1
415_2,20221003,1
415_2,20221004,1
415_2,20221005,1
415_2,20221006,1
415_2,20221007,1
415_2,20221010,1
415_2,20221011,1
415_2,20221012,1
415_2,20221013,1
415_2,20221014,1
136,20221003,1
136,20221004,1
136,20221005,1
136,20221006,1
136,20221007,1
136,20221010,1
136,20221011,1
136,20221012,1
136,20221013,1
136,20221014,1
3141_1,20221003,1
3141_1,20221004,1
3141_1,20221005,1
3141_1,20221006,1
3141_1,20221007,1
3141_1,20221010,1
3141_1,20221011,1
3141_1,20221012,1
3141_1,20221013,1
3141_1,20221014,1
402_1,20221008,1
402_1,20221015,1
32_6,20221003,1
32_6,20221004,1
32_6,20221005,1
32_6,20221006,1
32_6,20221007,1
32_6,20221010,1
32_6,20221011,1
32_6,20221012,1
32_6,20221013,1
32_6,20221014,1
409_1,20221008,1
409_1,20221015,1
207,20221002,1
207,20221009,1
609,20221003,1
609,20221004,1
609,20221005,1
609,20221006,1
609,20221007,1
609,20221010,1
609,20221011,1
609,20221012,1
609,20221013,1
609,20221014,1
415_1,20221008,1
415_1,20221015,1
406_3,20221003,1
406_3,20221004,1
406_3,20221005,1
406_3,20221006,1
406_3,20221010,1
406_3,20221011,1
406_3,20221012,1
406_3,20221013,1
68_1,20221003,1
68_1,20221004,1
68_1,20221005,1
68_1,20221006,1
68_1,20221007,1
68_1,20221010,1
68_1,20221011,1
68_1,20221012,1
68_1,20221013,1
68_1,20221014,1
507,20221008,1
507,20221015,1
19_3,20221002,1
19_3,20221009,1
Rail MTuWThF-XHol,20221003,1
Rail MTuWThF-XHol,20221004,1
Rail MTuWThF-XHol,20221005,1
Rail MTuWThF-XHol,20221006,1
Rail MTuWThF-XHol,20221007,1
Rail MTuWThF-XHol,20221010,1
Rail MTuWThF-XHol,20221011,1
Rail MTuWThF-XHol,20221012,1
Rail MTuWThF-XHol,20221013,1
Rail MTuWThF-XHol,20221014,1
9_5,20221008,1
9_5,20221015,1
1001,20221002,1
1001,20221009,1
206,20221002,1
206,20221009,1
208,20221002,1
208,20221009,1
32_4,20221003,1
32_4,20221004,1
32_4,20221005,1
32_4,20221006,1
32_4,20221007,1
32_4,20221010,1
32_4,20221011,1
32_4,20221012,1
32_4,20221013,1
32_4,20221014,1
72_1,20221003,1
72_1,20221004,1
72_1,20221005,1
72_1,20221006,1
72_1,20221007,1
72_1,20221010,1
72_1,20221011,1
72_1,20221012,1
72_1,20221013,1
72_1,20221014,1
116,20221002,1
116,20221009,1
2071_1,20221008,1
2071_1,20221015,1
2032_1,20221008,1
2032_1,20221015,1
118_3,20221003,1
118_3,20221004,1
118_3,20221005,1
118_3,20221006,1
118_3,20221007,1
118_3,20221010,1
118_3,20221011,1
118_3,20221012,1
118_3,20221013,1
118_3,20221014,1
313,20221006,1
313,20221007,1
313,20221013,1
313,20221014,1
517,20221003,1
517,20221004,1
517,20221005,1
517,20221006,1
517,20221007,1
517,20221010,1
517,20221011,1
517,20221012,1
517,20221013,1
517,20221014,1
2081_1,20221008,1
2081_1,20221015,1
1052_1,20221002,1
1052_1,20221009,1
151_2,20221003,1
151_2,20221004,1
151_2,20221005,1
151_2,20221006,1
151_2,20221007,1
151_2,20221010,1
151_2,20221011,1
151_2,20221012,1
151_2,20221013,1
151_2,20221014,1
144,20221003,1
144,20221004,1
144,20221005,1
144,20221006,1
144,20221007,1
144,20221010,1
144,20221011,1
144,20221012,1
144,20221013,1
144,20221014,1
312_1,20221008,1
312_1,20221015,1
7091,20221008,1
7091,20221015,1
38_4,20221003,1
38_4,20221004,1
38_4,20221005,1
38_4,20221006,1
38_4,20221007,1
38_4,20221010,1
38_4,20221011,1
38_4,20221012,1
38_4,20221013,1
38_4,20221014,1
18_3,20221002,1
18_3,20221009,1
7041,20221002,1
7041,20221009,1
212_2,20221003,1
212_2,20221004,1
212_2,20221005,1
212_2,20221006,1
212_2,20221007,1
212_2,20221010,1
212_2,20221011,1
212_2,20221012,1
212_2,20221013,1
212_2,20221014,1
306,20221002,1
306,20221009,1
6081,20221003,1
6081,20221004,1
6081,20221005,1
6081,20221006,1
6081,20221007,1
6081,20221010,1
6081,20221011,1
6081,20221012,1
6081,20221013,1
6081,20221014,1
703_1,20221008,1
703_1,20221015,1
200_4,20221008,1
200_4,20221015,1
125_1,20221003,1
125_1,20221004,1
125_1,20221005,1
125_1,20221006,1
125_1,20221007,1
125_1,20221010,1
125_1,20221011,1
125_1,20221012,1
125_1,20221013,1
125_1,20221014,1
419_1,20221003,1
419_1,20221004,1
419_1,20221005,1
419_1,20221006,1
419_1,20221007,1
419_1,20221010,1
419_1,20221011,1
419_1,20221012,1
419_1,20221013,1
419_1,20221014,1
318,20221003,1
318,20221004,1
318,20221005,1
318,20221006,1
318,20221007,1
318,20221010,1
318,20221011,1
318,20221012,1
318,20221013,1
318,20221014,1
115,20221002,1
115,20221009,1
3_6,20221003,1
3_6,20221004,1
3_6,20221005,1
3_6,20221006,1
3_6,20221007,1
3_6,20221010,1
3_6,20221011,1
3_6,20221012,1
3_6,20221013,1
3_6,20221014,1
22_4,20221003,1
22_4,20221004,1
22_4,20221005,1
22_4,20221006,1
22_4,20221007,1
22_4,20221010,1
22_4,20221011,1
22_4,20221012,1
22_4,20221013,1
22_4,20221014,1
43_4,20221008,1
43_4,20221015,1
113_2,20221002,1
113_2,20221009,1
109_3,20221003,1
109_3,20221004,1
109_3,20221005,1
109_3,20221006,1
109_3,20221007,1
109_3,20221010,1
109_3,20221011,1
109_3,20221012,1
109_3,20221013,1
109_3,20221014,1
216,20221002,1
216,20221009,1
7071,20221008,1
7071,20221015,1
6043,20221003,1
6043,20221004,1
6043,20221005,1
6043,20221006,1
6043,20221007,1
6043,20221010,1
6043,20221011,1
6043,20221012,1
6043,20221013,1
6043,20221014,1
403,20221002,1
403,20221009,1
31_3,20221002,1
31_3,20221009,1
37_3,20221002,1
37_3,20221009,1
73_1,20221003,1
73_1,20221004,1
73_1,20221005,1
73_1,20221006,1
73_1,20221007,1
73_1,20221010,1
73_1,20221011,1
73_1,20221012,1
73_1,20221013,1
73_1,20221014,1
77_1,20221003,1
77_1,20221004,1
77_1,20221005,1
77_1,20221006,1
77_1,20221007,1
77_1,20221010,1
77_1,20221011,1
77_1,20221012,1
77_1,20221013,1
77_1,20221014,1
307_2,20221003,1
307_2,20221004,1
307_2,20221005,1
307_2,20221006,1
307_2,20221007,1
307_2,20221010,1
307_2,20221011,1
307_2,20221012,1
307_2,20221013,1
307_2,20221014,1
84_1,20221003,1
84_1,20221004,1
84_1,20221005,1
84_1,20221006,1
84_1,20221007,1
84_1,20221010,1
84_1,20221011,1
84_1,20221012,1
84_1,20221013,1
84_1,20221014,1
7_5,20221008,1
7_5,20221015,1
113,20221002,1
113,20221009,1
2092_1,20221008,1
2092_1,20221015,1
3012_1,20221003,1
3012_1,20221004,1
3012_1,20221005,1
3012_1,20221006,1
3012_1,20221007,1
3012_1,20221010,1
3012_1,20221011,1
3012_1,20221012,1
3012_1,20221013,1
3012_1,20221014,1
514,20221003,1
514,20221004,1
514,20221005,1
514,20221006,1
514,20221007,1
514,20221010,1
514,20221011,1
514,20221012,1
514,20221013,1
514,20221014,1
106_3,20221003,1
106_3,20221004,1
106_3,20221005,1
106_3,20221006,1
106_3,20221007,1
106_3,20221010,1
106_3,20221011,1
106_3,20221012,1
106_3,20221013,1
106_3,20221014,1
38_5,20221008,1
38_5,20221015,1
TuTh-XHol,20221004,1
TuTh-XHol,20221006,1
TuTh-XHol,20221011,1
TuTh-XHol,20221013,1
304_2,20221003,1
304_2,20221004,1
304_2,20221005,1
304_2,20221006,1
304_2,20221007,1
304_2,20221010,1
304_2,20221011,1
304_2,20221012,1
304_2,20221013,1
304_2,20221014,1
7092,20221008,1
7092,20221015,1
7042,20221008,1
7042,20221015,1
223,20221003,1
223,20221004,1
223,20221005,1
223,20221006,1
223,20221007,1
223,20221010,1
223,20221011,1
223,20221012,1
223,20221013,1
223,20221014,1
1011_1,20221002,1
1011_1,20221009,1
209,20221002,1
209,20221009,1
612,20221003,1
612,20221004,1
612,20221005,1
612,20221006,1
612,20221007,1
612,20221010,1
612,20221011,1
612,20221012,1
612,20221013,1
612,20221014,1
204_2,20221008,1
204_2,20221015,1
307,20221002,1
307,20221009,1
109_1,20221002,1
109_1,20221009,1
8012,20221002,1
8012,20221009,1
7081,20221008,1
7081,20221015,1
7031,20221008,1
7031,20221015,1
205_2,20221008,1
205_2,20221015,1
42_4,20221008,1
42_4,20221015,1
102_1,20221002,1
102_1,20221009,1
704_1,20221008,1
704_1,20221015,1
3032_1,20221003,1
3032_1,20221004,1
3032_1,20221005,1
3032_1,20221006,1
3032_1,20221007,1
3032_1,20221010,1
3032_1,20221011,1
3032_1,20221012,1
3032_1,20221013,1
3032_1,20221014,1
32_5,20221008,1
32_5,20221015,1
504_2,20221003,1
504_2,20221004,1
504_2,20221005,1
504_2,20221006,1
504_2,20221007,1
504_2,20221010,1
504_2,20221011,1
504_2,20221012,1
504_2,20221013,1
504_2,20221014,1
208_3,20221003,1
208_3,20221004,1
208_3,20221005,1
208_3,20221006,1
208_3,20221007,1
208_3,20221010,1
208_3,20221011,1
208_3,20221012,1
208_3,20221013,1
208_3,20221014,1
411_1,20221003,1
411_1,20221004,1
411_1,20221005,1
411_1,20221006,1
411_1,20221007,1
411_1,20221010,1
411_1,20221011,1
411_1,20221012,1
411_1,20221013,1
411_1,20221014,1
16_5,20221008,1
16_5,20221015,1
6161,20221003,1
6161,20221004,1
6161,20221005,1
6161,20221006,1
6161,20221007,1
6161,20221010,1
6161,20221011,1
6161,20221012,1
6161,20221013,1
6161,20221014,1
2042_1,20221008,1
2042_1,20221015,1
63_1,20221003,1
63_1,20221004,1
63_1,20221005,1
63_1,20221006,1
63_1,20221007,1
63_1,20221010,1
63_1,20221011,1
63_1,20221012,1
63_1,20221013,1
63_1,20221014,1
8072,20221002,1
8072,20221009,1
52_2,20221003,1
52_2,20221004,1
52_2,20221005,1
52_2,20221006,1
52_2,20221007,1
52_2,20221010,1
52_2,20221011,1
52_2,20221012,1
52_2,20221013,1
52_2,20221014,1
6011,20221003,1
6011,20221004,1
6011,20221005,1
6011,20221006,1
6011,20221007,1
6011,20221010,1
6011,20221011,1
6011,20221012,1
6011,20221013,1
6011,20221014,1
6061,20221003,1
6061,20221004,1
6061,20221005,1
6061,20221006,1
6061,20221007,1
6061,20221010,1
6061,20221011,1
6061,20221012,1
6061,20221013,1
6061,20221014,1
1012_1,20221002,1
1012_1,20221009,1
1071_1,20221002,1
1071_1,20221009,1
3021_1,20221003,1
3021_1,20221004,1
3021_1,20221005,1
3021_1,20221006,1
3021_1,20221007,1
3021_1,20221010,1
3021_1,20221011,1
3021_1,20221012,1
3021_1,20221013,1
3021_1,20221014,1
310,20221008,1
310,20221015,1
312_2,20221006,1
312_2,20221007,1
312_2,20221013,1
312_2,20221014,1
712_1,20221008,1
712_1,20221015,1
311_1,20221003,1
311_1,20221004,1
311_1,20221005,1
311_1,20221006,1
311_1,20221007,1
311_1,20221010,1
311_1,20221011,1
311_1,20221012,1
311_1,20221013,1
311_1,20221014,1
6111,20221003,1
6111,20221004,1
6111,20221005,1
6111,20221006,1
6111,20221007,1
6111,20221010,1
6111,20221011,1
6111,20221012,1
6111,20221013,1
6111,20221014,1
37_6,20221003,1
37_6,20221004,1
37_6,20221005,1
37_6,20221006,1
37_6,20221007,1
37_6,20221010,1
37_6,20221011,1
37_6,20221012,1
37_6,20221013,1
37_6,20221014,1
56_2,20221003,1
56_2,20221004,1
56_2,20221005,1
56_2,20221006,1
56_2,20221007,1
56_2,20221010,1
56_2,20221011,1
56_2,20221012,1
56_2,20221013,1
56_2,20221014,1
24_4,20221003,1
24_4,20221004,1
24_4,20221005,1
24_4,20221006,1
24_4,20221007,1
24_4,20221010,1
24_4,20221011,1
24_4,20221012,1
24_4,20221013,1
24_4,20221014,1
3051_1,20221003,1
3051_1,20221004,1
3051_1,20221005,1
3051_1,20221006,1
3051_1,20221007,1
3051_1,20221010,1
3051_1,20221011,1
3051_1,20221012,1
3051_1,20221013,1
3051_1,20221014,1
41_3,20221002,1
41_3,20221009,1
608,20221003,1
608,20221004,1
608,20221005,1
608,20221006,1
608,20221007,1
608,20221010,1
608,20221011,1
608,20221012,1
608,20221013,1
608,20221014,1
81_1,20221003,1
81_1,20221004,1
81_1,20221005,1
81_1,20221006,1
81_1,20221007,1
81_1,20221010,1
81_1,20221011,1
81_1,20221012,1
81_1,20221013,1
81_1,20221014,1
232,20221003,1
232,20221004,1
232,20221005,1
232,20221006,1
232,20221007,1
232,20221010,1
232,20221011,1
232,20221012,1
232,20221013,1
232,20221014,1
2052_1,20221008,1
2052_1,20221015,1
14_3,20221002,1
14_3,20221009,1
8041,20221002,1
8041,20221009,1
45_2,20221008,1
45_2,20221015,1
51_2,20221003,1
51_2,20221004,1
51_2,20221005,1
51_2,20221006,1
51_2,20221007,1
51_2,20221010,1
51_2,20221011,1
51_2,20221012,1
51_2,20221013,1
51_2,20221014,1
39_4,20221008,1
39_4,20221015,1
201_2,20221008,1
201_2,20221015,1
18_4,20221003,1
18_4,20221004,1
18_4,20221005,1
18_4,20221006,1
18_4,20221007,1
18_4,20221010,1
18_4,20221011,1
18_4,20221012,1
18_4,20221013,1
18_4,20221014,1
416_3,20221003,1
416_3,20221004,1
416_3,20221005,1
416_3,20221006,1
416_3,20221007,1
416_3,20221010,1
416_3,20221011,1
416_3,20221012,1
416_3,20221013,1
416_3,20221014,1
15_3,20221002,1
15_3,20221009,1
6071,20221003,1
6071,20221004,1
6071,20221005,1
6071,20221006,1
6071,20221007,1
6071,20221010,1
6071,20221011,1
6071,20221012,1
6071,20221013,1
6071,20221014,1
603,20221002,1
603,20221009,1
61_1,20221003,1
61_1,20221004,1
61_1,20221005,1
61_1,20221006,1
61_1,20221007,1
61_1,20221010,1
61_1,20221011,1
61_1,20221012,1
61_1,20221013,1
61_1,20221014,1
508_4,20221003,1
508_4,20221004,1
508_4,20221005,1
508_4,20221006,1
508_4,20221007,1
508_4,20221010,1
508_4,20221011,1
508_4,20221012,1
508_4,20221013,1
508_4,20221014,1
8061_1,20221002,1
8061_1,20221009,1
113_3,20221008,1
113_3,20221015,1
75_1,20221003,1
75_1,20221004,1
75_1,20221005,1
75_1,20221006,1
75_1,20221007,1
75_1,20221010,1
75_1,20221011,1
75_1,20221012,1
75_1,20221013,1
75_1,20221014,1
505_1,20221008,1
505_1,20221015,1
25_3,20221002,1
25_3,20221009,1
111_4,20221003,1
111_4,20221004,1
111_4,20221005,1
111_4,20221006,1
111_4,20221007,1
111_4,20221010,1
111_4,20221011,1
111_4,20221012,1
111_4,20221013,1
111_4,20221014,1
7011,20221008,1
7011,20221015,1
6072,20221003,1
6072,20221004,1
6072,20221005,1
6072,20221006,1
6072,20221007,1
6072,20221010,1
6072,20221011,1
6072,20221012,1
6072,20221013,1
6072,20221014,1
CCL Sa,20221008,1
CCL Sa,20221015,1
6151,20221003,1
6151,20221004,1
6151,20221005,1
6151,20221006,1
6151,20221007,1
6151,20221010,1
6151,20221011,1
6151,20221012,1
6151,20221013,1
6151,20221014,1
108_1,20221008,1
108_1,20221015,1
101_1,20221002,1
101_1,20221009,1
34_5,20221008,1
34_5,20221015,1
209_2,20221008,1
209_2,20221015,1
131,20221003,1
131,20221004,1
131,20221005,1
131,20221006,1
131,20221007,1
131,20221010,1
131,20221011,1
131,20221012,1
131,20221013,1
131,20221014,1
203_3,20221003,1
203_3,20221004,1
203_3,20221005,1
203_3,20221006,1
203_3,20221007,1
203_3,20221010,1
203_3,20221011,1
203_3,20221012,1
203_3,20221013,1
203_3,20221014,1
1001_1,20221008,1
1001_1,20221015,1
120_1,20221003,1
120_1,20221004,1
120_1,20221005,1
120_1,20221006,1
120_1,20221007,1
120_1,20221010,1
120_1,20221011,1
120_1,20221012,1
120_1,20221013,1
120_1,20221014,1
150_2,20221003,1
150_2,20221004,1
150_2,20221005,1
150_2,20221006,1
150_2,20221007,1
150_2,20221010,1
150_2,20221011,1
150_2,20221012,1
150_2,20221013,1
150_2,20221014,1
513_2,20221003,1
513_2,20221004,1
513_2,20221005,1
513_2,20221006,1
513_2,20221007,1
513_2,20221010,1
513_2,20221011,1
513_2,20221012,1
513_2,20221013,1
513_2,20221014,1
7052,20221008,1
7052,20221015,1
202,20221002,1
202,20221009,1
Rail F-XHol,20221007,1
Rail F-XHol,20221014,1
601_1,20221008,1
601_1,20221015,1
413,20221008,1
413,20221015,1
21_6,20221003,1
21_6,20221004,1
21_6,20221005,1
21_6,20221006,1
21_6,20221007,1
21_6,20221010,1
21_6,20221011,1
21_6,20221012,1
21_6,20221013,1
21_6,20221014,1
22_6,20221003,1
22_6,20221004,1
22_6,20221005,1
22_6,20221006,1
22_6,20221007,1
22_6,20221010,1
22_6,20221011,1
22_6,20221012,1
22_6,20221013,1
22_6,20221014,1
119_1,20221003,1
119_1,20221004,1
119_1,20221005,1
119_1,20221006,1
119_1,20221007,1
119_1,20221010,1
119_1,20221011,1
119_1,20221012,1
119_1,20221013,1
119_1,20221014,1
154_2,20221003,1
154_2,20221004,1
154_2,20221005,1
154_2,20221006,1
154_2,20221007,1
154_2,20221010,1
154_2,20221011,1
154_2,20221012,1
154_2,20221013,1
154_2,20221014,1
142,20221003,1
142,20221004,1
142,20221005,1
142,20221006,1
142,20221007,1
142,20221010,1
142,20221011,1
142,20221012,1
142,20221013,1
142,20221014,1
79_1,20221003,1
79_1,20221004,1
79_1,20221005,1
79_1,20221006,1
79_1,20221007,1
79_1,20221010,1
79_1,20221011,1
79_1,20221012,1
79_1,20221013,1
79_1,20221014,1
122,20221003,1
122,20221004,1
122,20221005,1
122,20221006,1
122,20221007,1
122,20221010,1
122,20221011,1
122,20221012,1
122,20221013,1
122,20221014,1
130,20221003,1
130,20221004,1
130,20221005,1
130,20221006,1
130,20221007,1
130,20221010,1
130,20221011,1
130,20221012,1
130,20221013,1
130,20221014,1
29_5,20221008,1
29_5,20221015,1
114_2,20221003,1
114_2,20221004,1
114_2,20221005,1
114_2,20221006,1
114_2,20221007,1
114_2,20221010,1
114_2,20221011,1
114_2,20221012,1
114_2,20221013,1
114_2,20221014,1
1_4,20221003,1
1_4,20221004,1
1_4,20221005,1
1_4,20221006,1
1_4,20221007,1
1_4,20221010,1
1_4,20221011,1
1_4,20221012,1
1_4,20221013,1
1_4,20221014,1
505,20221002,1
505,20221009,1
1_6,20221003,1
1_6,20221004,1
1_6,20221005,1
1_6,20221006,1
1_6,20221007,1
1_6,20221010,1
1_6,20221011,1
1_6,20221012,1
1_6,20221013,1
1_6,20221014,1
207_2,20221008,1
207_2,20221015,1
3152_1,20221003,1
3152_1,20221004,1
3152_1,20221005,1
3152_1,20221006,1
3152_1,20221007,1
3152_1,20221010,1
3152_1,20221011,1
3152_1,20221012,1
3152_1,20221013,1
3152_1,20221014,1
121,20221003,1
121,20221004,1
121,20221005,1
121,20221006,1
121,20221007,1
121,20221010,1
121,20221011,1
121,20221012,1
121,20221013,1
121,20221014,1
54_1,20221003,1
54_1,20221004,1
54_1,20221005,1
54_1,20221006,1
54_1,20221007,1
54_1,20221010,1
54_1,20221011,1
54_1,20221012,1
54_1,20221013,1
54_1,20221014,1
406,20221002,1
406,20221009,1
117_1,20221003,1
117_1,20221004,1
117_1,20221005,1
117_1,20221006,1
117_1,20221007,1
117_1,20221010,1
117_1,20221011,1
117_1,20221012,1
117_1,20221013,1
117_1,20221014,1
3132_1,20221003,1
3132_1,20221004,1
3132_1,20221005,1
3132_1,20221006,1
3132_1,20221007,1
3132_1,20221010,1
3132_1,20221011,1
3132_1,20221012,1
3132_1,20221013,1
3132_1,20221014,1
16_4,20221003,1
16_4,20221004,1
16_4,20221005,1
16_4,20221006,1
16_4,20221007,1
16_4,20221010,1
16_4,20221011,1
16_4,20221012,1
16_4,20221013,1
16_4,20221014,1
40_4,20221008,1
40_4,20221015,1
611,20221003,1
611,20221004,1
611,20221005,1
611,20221006,1
611,20221007,1
611,20221010,1
611,20221011,1
611,20221012,1
611,20221013,1
611,20221014,1
7022,20221008,1
7022,20221015,1
519,20221003,1
519,20221004,1
519,20221005,1
519,20221006,1
519,20221007,1
519,20221010,1
519,20221011,1
519,20221012,1
519,20221013,1
519,20221014,1
103_1,20221002,1
103_1,20221009,1
58_2,20221003,1
58_2,20221004,1
58_2,20221005,1
58_2,20221006,1
58_2,20221007,1
58_2,20221010,1
58_2,20221011,1
58_2,20221012,1
58_2,20221013,1
58_2,20221014,1
CCL Su+Hol-Xmas,20221002,1
CCL Su+Hol-Xmas,20221009,1
301,20221002,1
301,20221009,1
115_4,20221003,1
115_4,20221004,1
115_4,20221005,1
115_4,20221006,1
115_4,20221007,1
115_4,20221010,1
115_4,20221011,1
115_4,20221012,1
115_4,20221013,1
115_4,20221014,1
204_5,20221003,1
204_5,20221004,1
204_5,20221005,1
204_5,20221006,1
204_5,20221007,1
204_5,20221010,1
204_5,20221011,1
204_5,20221012,1
204_5,20221013,1
204_5,20221014,1
401_2,20221003,1
401_2,20221004,1
401_2,20221005,1
401_2,20221006,1
401_2,20221007,1
401_2,20221010,1
401_2,20221011,1
401_2,20221012,1
401_2,20221013,1
401_2,20221014,1
702,20221003,1
702,20221004,1
702,20221005,1
702,20221006,1
702,20221007,1
702,20221010,1
702,20221011,1
702,20221012,1
702,20221013,1
702,20221014,1
110_1,20221003,1
110_1,20221004,1
110_1,20221005,1
110_1,20221006,1
110_1,20221007,1
110_1,20221010,1
110_1,20221011,1
110_1,20221012,1
110_1,20221013,1
110_1,20221014,1
501,20221002,1
501,20221009,1
152_2,20221003,1
152_2,20221004,1
152_2,20221005,1
152_2,20221006,1
152_2,20221007,1
152_2,20221010,1
152_2,20221011,1
152_2,20221012,1
152_2,20221013,1
152_2,20221014,1
8092,20221002,1
8092,20221009,1
204_4,20221008,1
204_4,20221015,1
80_1,20221003,1
80_1,20221004,1
80_1,20221005,1
80_1,20221006,1
80_1,20221007,1
80_1,20221010,1
80_1,20221011,1
80_1,20221012,1
80_1,20221013,1
80_1,20221014,1
2_3,20221002,1
2_3,20221009,1
154_1,20221002,1
154_1,20221009,1
402,20221002,1
402,20221009,1
110_4,20221003,1
110_4,20221004,1
110_4,20221005,1
110_4,20221006,1
110_4,20221007,1
110_4,20221010,1
110_4,20221011,1
110_4,20221012,1
110_4,20221013,1
110_4,20221014,1
3111_1,20221003,1
3111_1,20221004,1
3111_1,20221005,1
3111_1,20221006,1
3111_1,20221007,1
3111_1,20221010,1
3111_1,20221011,1
3111_1,20221012,1
3111_1,20221013,1
3111_1,20221014,1
104,20221002,1
104,20221009,1
209_1,20221003,1
209_1,20221004,1
209_1,20221005,1
209_1,20221006,1
209_1,20221007,1
209_1,20221010,1
209_1,20221011,1
209_1,20221012,1
209_1,20221013,1
209_1,20221014,1
5_6,20221003,1
5_6,20221004,1
5_6,20221005,1
5_6,20221006,1
5_6,20221007,1
5_6,20221010,1
5_6,20221011,1
5_6,20221012,1
5_6,20221013,1
5_6,20221014,1
1031_1,20221002,1
1031_1,20221009,1
71_1,20221003,1
71_1,20221004,1
71_1,20221005,1
71_1,20221006,1
71_1,20221007,1
71_1,20221010,1
71_1,20221011,1
71_1,20221012,1
71_1,20221013,1
71_1,20221014,1
17_5,20221008,1
17_5,20221015,1
6102,20221003,1
6102,20221004,1
6102,20221005,1
6102,20221006,1
6102,20221007,1
6102,20221010,1
6102,20221011,1
6102,20221012,1
6102,20221013,1
6102,20221014,1
602_2,20221003,1
602_2,20221004,1
602_2,20221005,1
602_2,20221006,1
602_2,20221007,1
602_2,20221010,1
602_2,20221011,1
602_2,20221012,1
602_2,20221013,1
602_2,20221014,1
70_1,20221003,1
70_1,20221004,1
70_1,20221005,1
70_1,20221006,1
70_1,20221007,1
70_1,20221010,1
70_1,20221011,1
70_1,20221012,1
70_1,20221013,1
70_1,20221014,1
3193_1,20221003,1
3193_1,20221004,1
3193_1,20221005,1
3193_1,20221006,1
3193_1,20221007,1
3193_1,20221010,1
3193_1,20221011,1
3193_1,20221012,1
3193_1,20221013,1
3193_1,20221014,1
503,20221002,1
503,20221009,1
Rail Sa,20221008,1
Rail Sa,20221015,1
35_3,20221002,1
35_3,20221009,1
212,20221002,1
212,20221009,1
122_1,20221003,1
122_1,20221004,1
122_1,20221005,1
122_1,20221006,1
122_1,20221007,1
122_1,20221010,1
122_1,20221011,1
122_1,20221012,1
122_1,20221013,1
122_1,20221014,1
513,20221002,1
513,20221008,1
513,20221009,1
513,20221015,1
509_1,20221003,1
509_1,20221004,1
509_1,20221005,1
509_1,20221006,1
509_1,20221007,1
509_1,20221010,1
509_1,20221011,1
509_1,20221012,1
509_1,20221013,1
509_1,20221014,1
101_2,20221008,1
101_2,20221015,1
44_3,20221003,1
44_3,20221004,1
44_3,20221005,1
44_3,20221006,1
44_3,20221007,1
44_3,20221010,1
44_3,20221011,1
44_3,20221012,1
44_3,20221013,1
44_3,20221014,1
24_3,20221002,1
24_3,20221009,1
115_3,20221008,1
115_3,20221015,1
215_2,20221003,1
215_2,20221004,1
215_2,20221005,1
215_2,20221006,1
215_2,20221007,1
215_2,20221010,1
215_2,20221011,1
215_2,20221012,1
215_2,20221013,1
215_2,20221014,1
18_5,20221008,1
18_5,20221015,1
78_1,20221003,1
78_1,20221004,1
78_1,20221005,1
78_1,20221006,1
78_1,20221007,1
78_1,20221010,1
78_1,20221011,1
78_1,20221012,1
78_1,20221013,1
78_1,20221014,1
3191_1,20221003,1
3191_1,20221004,1
3191_1,20221005,1
3191_1,20221006,1
3191_1,20221007,1
3191_1,20221010,1
3191_1,20221011,1
3191_1,20221012,1
3191_1,20221013,1
3191_1,20221014,1
205_5,20221003,1
205_5,20221004,1
205_5,20221005,1
205_5,20221006,1
205_5,20221007,1
205_5,20221010,1
205_5,20221011,1
205_5,20221012,1
205_5,20221013,1
205_5,20221014,1
202_4,20221008,1
202_4,20221015,1
37_5,20221008,1
37_5,20221015,1
3222_1,20221003,1
3222_1,20221004,1
3222_1,20221005,1
3222_1,20221006,1
3222_1,20221007,1
3222_1,20221010,1
3222_1,20221011,1
3222_1,20221012,1
3222_1,20221013,1
3222_1,20221014,1
15_5,20221008,1
15_5,20221015,1
3_4,20221003,1
3_4,20221004,1
3_4,20221005,1
3_4,20221006,1
3_4,20221007,1
3_4,20221010,1
3_4,20221011,1
3_4,20221012,1
3_4,20221013,1
3_4,20221014,1
403_1,20221008,1
403_1,20221015,1
17_4,20221003,1
17_4,20221004,1
17_4,20221005,1
17_4,20221006,1
17_4,20221007,1
17_4,20221010,1
17_4,20221011,1
17_4,20221012,1
17_4,20221013,1
17_4,20221014,1
139,20221003,1
139,20221004,1
139,20221005,1
139,20221006,1
139,20221007,1
139,20221010,1
139,20221011,1
139,20221012,1
139,20221013,1
139,20221014,1
420_1,20221003,1
420_1,20221004,1
420_1,20221005,1
420_1,20221006,1
420_1,20221007,1
420_1,20221010,1
420_1,20221011,1
420_1,20221012,1
420_1,20221013,1
420_1,20221014,1
3142_1,20221003,1
3142_1,20221004,1
3142_1,20221005,1
3142_1,20221006,1
3142_1,20221007,1
3142_1,20221010,1
3142_1,20221011,1
3142_1,20221012,1
3142_1,20221013,1
3142_1,20221014,1
408,20221002,1
408,20221009,1
112_1,20221003,1
112_1,20221004,1
112_1,20221005,1
112_1,20221006,1
112_1,20221007,1
112_1,20221010,1
112_1,20221011,1
112_1,20221012,1
112_1,20221013,1
112_1,20221014,1
5_5,20221008,1
5_5,20221015,1
6022,20221003,1
6022,20221004,1
6022,20221005,1
6022,20221006,1
6022,20221007,1
6022,20221010,1
6022,20221011,1
6022,20221012,1
6022,20221013,1
6022,20221014,1
301_1,20221008,1
301_1,20221015,1
27_6,20221003,1
27_6,20221004,1
27_6,20221005,1
27_6,20221006,1
27_6,20221007,1
27_6,20221010,1
27_6,20221011,1
27_6,20221012,1
27_6,20221013,1
27_6,20221014,1
31_5,20221003,1
31_5,20221005,1
31_5,20221010,1
31_5,20221012,1
29_6,20221003,1
29_6,20221004,1
29_6,20221005,1
29_6,20221006,1
29_6,20221007,1
29_6,20221010,1
29_6,20221011,1
29_6,20221012,1
29_6,20221013,1
29_6,20221014,1
29_3,20221002,1
29_3,20221009,1
8091,20221002,1
8091,20221009,1
203_2,20221008,1
203_2,20221015,1
2101_1,20221008,1
2101_1,20221015,1
513_1,20221008,1
513_1,20221015,1
8062,20221002,1
8062,20221009,1
WHF Sa,20221008,1
WHF Sa,20221015,1
752,20221008,1
752,20221015,1
46_1,20221003,1
46_1,20221004,1
46_1,20221005,1
46_1,20221006,1
46_1,20221007,1
46_1,20221010,1
46_1,20221011,1
46_1,20221012,1
46_1,20221013,1
46_1,20221014,1
40_5,20221003,1
40_5,20221004,1
40_5,20221005,1
40_5,20221006,1
40_5,20221007,1
40_5,20221010,1
40_5,20221011,1
40_5,20221012,1
40_5,20221013,1
40_5,20221014,1
121_1,20221003,1
121_1,20221004,1
121_1,20221005,1
121_1,20221006,1
121_1,20221007,1
121_1,20221010,1
121_1,20221011,1
121_1,20221012,1
121_1,20221013,1
121_1,20221014,1
3_5,20221008,1
3_5,20221015,1
202_5,20221003,1
202_5,20221004,1
202_5,20221005,1
202_5,20221006,1
202_5,20221007,1
202_5,20221010,1
202_5,20221011,1
202_5,20221012,1
202_5,20221013,1
202_5,20221014,1
8063,20221002,1
8063,20221009,1
64_1,20221003,1
64_1,20221004,1
64_1,20221005,1
64_1,20221006,1
64_1,20221007,1
64_1,20221010,1
64_1,20221011,1
64_1,20221012,1
64_1,20221013,1
64_1,20221014,1
415,20221002,1
415,20221008,1
415,20221009,1
415,20221015,1
302_2,20221003,1
302_2,20221004,1
302_2,20221005,1
302_2,20221006,1
302_2,20221007,1
302_2,20221010,1
302_2,20221011,1
302_2,20221012,1
302_2,20221013,1
302_2,20221014,1
3041_1,20221003,1
3041_1,20221004,1
3041_1,20221005,1
3041_1,20221006,1
3041_1,20221007,1
3041_1,20221010,1
3041_1,20221011,1
3041_1,20221012,1
3041_1,20221013,1
3041_1,20221014,1
11_4,20221003,1
11_4,20221004,1
11_4,20221005,1
11_4,20221006,1
11_4,20221007,1
11_4,20221010,1
11_4,20221011,1
11_4,20221012,1
11_4,20221013,1
11_4,20221014,1
303_2,20221003,1
303_2,20221004,1
303_2,20221005,1
303_2,20221006,1
303_2,20221007,1
303_2,20221010,1
303_2,20221011,1
303_2,20221012,1
303_2,20221013,1
303_2,20221014,1
313_1,20221003,1
313_1,20221004,1
313_1,20221005,1
313_1,20221010,1
313_1,20221011,1
313_1,20221012,1
6042,20221003,1
6042,20221004,1
6042,20221005,1
6042,20221006,1
6042,20221007,1
6042,20221010,1
6042,20221011,1
6042,20221012,1
6042,20221013,1
6042,20221014,1
208_2,20221008,1
208_2,20221015,1
204_3,20221003,1
204_3,20221004,1
204_3,20221005,1
204_3,20221006,1
204_3,20221007,1
204_3,20221010,1
204_3,20221011,1
204_3,20221012,1
204_3,20221013,1
204_3,20221014,1
39_5,20221003,1
39_5,20221004,1
39_5,20221005,1
39_5,20221006,1
39_5,20221007,1
39_5,20221010,1
39_5,20221011,1
39_5,20221012,1
39_5,20221013,1
39_5,20221014,1
107_2,20221003,1
107_2,20221004,1
107_2,20221005,1
107_2,20221006,1
107_2,20221007,1
107_2,20221010,1
107_2,20221011,1
107_2,20221012,1
107_2,20221013,1
107_2,20221014,1
1_5,20221008,1
1_5,20221015,1
26_5,20221003,1
26_5,20221004,1
26_5,20221005,1
26_5,20221006,1
26_5,20221007,1
26_5,20221010,1
26_5,20221011,1
26_5,20221012,1
26_5,20221013,1
26_5,20221014,1
2112_1,20221008,1
2112_1,20221015,1
33_5,20221008,1
33_5,20221015,1
118_1,20221003,1
118_1,20221004,1
118_1,20221005,1
118_1,20221006,1
118_1,20221007,1
118_1,20221010,1
118_1,20221011,1
118_1,20221012,1
118_1,20221013,1
118_1,20221014,1
508,20221002,1
508,20221009,1
111,20221002,1
111,20221009,1
58_1,20221003,1
58_1,20221004,1
58_1,20221005,1
58_1,20221006,1
58_1,20221007,1
58_1,20221010,1
58_1,20221011,1
58_1,20221012,1
58_1,20221013,1
58_1,20221014,1
2072_1,20221008,1
2072_1,20221015,1
2021_1,20221008,1
2021_1,20221015,1
2091_1,20221008,1
2091_1,20221015,1
404,20221002,1
404,20221009,1
1041_1,20221002,1
1041_1,20221009,1
40_3,20221002,1
40_3,20221009,1
21_4,20221003,1
21_4,20221004,1
21_4,20221005,1
21_4,20221006,1
21_4,20221007,1
21_4,20221010,1
21_4,20221011,1
21_4,20221012,1
21_4,20221013,1
21_4,20221014,1
751,20221008,1
751,20221015,1
303_1,20221008,1
303_1,20221015,1
708_1,20221008,1
708_1,20221015,1
3101_1,20221003,1
3101_1,20221004,1
3101_1,20221005,1
3101_1,20221006,1
3101_1,20221007,1
3101_1,20221010,1
3101_1,20221011,1
3101_1,20221012,1
3101_1,20221013,1
3101_1,20221014,1
8064,20221002,1
8064,20221009,1
1061_1,20221002,1
1061_1,20221009,1
30_4,20221003,1
30_4,20221004,1
30_4,20221005,1
30_4,20221006,1
30_4,20221007,1
30_4,20221010,1
30_4,20221011,1
30_4,20221012,1
30_4,20221013,1
30_4,20221014,1
3122_1,20221003,1
3122_1,20221004,1
3122_1,20221005,1
3122_1,20221006,1
3122_1,20221007,1
3122_1,20221010,1
3122_1,20221011,1
3122_1,20221012,1
3122_1,20221013,1
3122_1,20221014,1
7_4,20221003,1
7_4,20221004,1
7_4,20221005,1
7_4,20221006,1
7_4,20221007,1
7_4,20221010,1
7_4,20221011,1
7_4,20221012,1
7_4,20221013,1
7_4,20221014,1
3011_1,20221003,1
3011_1,20221004,1
3011_1,20221005,1
3011_1,20221006,1
3011_1,20221007,1
3011_1,20221010,1
3011_1,20221011,1
3011_1,20221012,1
3011_1,20221013,1
3011_1,20221014,1
6131,20221003,1
6131,20221004,1
6131,20221005,1
6131,20221006,1
6131,20221007,1
6131,20221010,1
6131,20221011,1
6131,20221012,1
6131,20221013,1
6131,20221014,1
236,20221003,1
236,20221004,1
236,20221005,1
236,20221006,1
236,20221007,1
236,20221010,1
236,20221011,1
236,20221012,1
236,20221013,1
236,20221014,1
309,20221002,1
309,20221009,1
601,20221002,1
601,20221009,1
11_5,20221008,1
11_5,20221015,1
19_5,20221008,1
19_5,20221015,1
219_1,20221003,1
219_1,20221004,1
219_1,20221005,1
219_1,20221006,1
219_1,20221007,1
219_1,20221010,1
219_1,20221011,1
219_1,20221012,1
219_1,20221013,1
219_1,20221014,1
409,20221002,1
409,20221009,1
53_1,20221003,1
53_1,20221004,1
53_1,20221005,1
53_1,20221006,1
53_1,20221007,1
53_1,20221010,1
53_1,20221011,1
53_1,20221012,1
53_1,20221013,1
53_1,20221014,1
31_7,20221003,1
31_7,20221004,1
31_7,20221005,1
31_7,20221006,1
31_7,20221007,1
31_7,20221010,1
31_7,20221011,1
31_7,20221012,1
31_7,20221013,1
31_7,20221014,1
137,20221003,1
137,20221004,1
137,20221005,1
137,20221006,1
137,20221007,1
137,20221010,1
137,20221011,1
137,20221012,1
137,20221013,1
137,20221014,1
1002,20221002,1
1002,20221009,1
20_5,20221008,1
20_5,20221015,1
8_3,20221002,1
8_3,20221009,1
13_5,20221003,1
13_5,20221004,1
13_5,20221005,1
13_5,20221006,1
13_5,20221007,1
13_5,20221010,1
13_5,20221011,1
13_5,20221012,1
13_5,20221013,1
13_5,20221014,1
10_3,20221002,1
10_3,20221009,1
205_4,20221008,1
205_4,20221015,1
217,20221002,1
217,20221009,1
410_1,20221003,1
410_1,20221004,1
410_1,20221005,1
410_1,20221006,1
410_1,20221007,1
410_1,20221010,1
410_1,20221011,1
410_1,20221012,1
410_1,20221013,1
410_1,20221014,1
305_1,20221008,1
305_1,20221015,1
217_1,20221008,1
217_1,20221015,1
3031_1,20221003,1
3031_1,20221004,1
3031_1,20221005,1
3031_1,20221006,1
3031_1,20221007,1
3031_1,20221010,1
3031_1,20221011,1
3031_1,20221012,1
3031_1,20221013,1
3031_1,20221014,1
206_5,20221003,1
206_5,20221004,1
206_5,20221005,1
206_5,20221006,1
206_5,20221007,1
206_5,20221010,1
206_5,20221011,1
206_5,20221012,1
206_5,20221013,1
206_5,20221014,1
8_5,20221008,1
8_5,20221015,1
7041_1,20221008,1
7041_1,20221015,1
104_2,20221008,1
104_2,20221015,1
145,20221003,1
145,20221004,1
145,20221005,1
145,20221006,1
145,20221007,1
145,20221010,1
145,20221011,1
145,20221012,1
145,20221013,1
145,20221014,1
210,20221002,1
210,20221009,1
117_2,20221008,1
117_2,20221015,1
3173_1,20221003,1
3173_1,20221004,1
3173_1,20221005,1
3173_1,20221006,1
3173_1,20221007,1
3173_1,20221010,1
3173_1,20221011,1
3173_1,20221012,1
3173_1,20221013,1
3173_1,20221014,1
4_7,20221003,1
4_7,20221004,1
4_7,20221005,1
4_7,20221006,1
4_7,20221007,1
4_7,20221010,1
4_7,20221011,1
4_7,20221012,1
4_7,20221013,1
4_7,20221014,1
305_2,20221003,1
305_2,20221004,1
305_2,20221005,1
305_2,20221006,1
305_2,20221007,1
305_2,20221010,1
305_2,20221011,1
305_2,20221012,1
305_2,20221013,1
305_2,20221014,1
515,20221003,1
515,20221004,1
515,20221005,1
515,20221006,1
515,20221007,1
515,20221010,1
515,20221011,1
515,20221012,1
515,20221013,1
515,20221014,1
2061_1,20221008,1
2061_1,20221015,1
36_4,20221003,1
36_4,20221004,1
36_4,20221005,1
36_4,20221006,1
36_4,20221007,1
36_4,20221010,1
36_4,20221011,1
36_4,20221012,1
36_4,20221013,1
36_4,20221014,1
202_2,20221008,1
202_2,20221015,1
4_4,20221004,1
4_4,20221006,1
4_4,20221007,1
4_4,20221011,1
4_4,20221013,1
4_4,20221014,1
210_1,20221003,1
210_1,20221004,1
210_1,20221005,1
210_1,20221006,1
210_1,20221007,1
210_1,20221010,1
210_1,20221011,1
210_1,20221012,1
210_1,20221013,1
210_1,20221014,1
516,20221007,1
516,20221014,1
235,20221003,1
235,20221004,1
235,20221005,1
235,20221006,1
235,20221007,1
235,20221010,1
235,20221011,1
235,20221012,1
235,20221013,1
235,20221014,1
302,20221002,1
302,20221009,1
28_5,20221008,1
28_5,20221015,1
216_2,20221003,1
216_2,20221004,1
216_2,20221005,1
216_2,20221006,1
216_2,20221007,1
216_2,20221010,1
216_2,20221011,1
216_2,20221012,1
216_2,20221013,1
216_2,20221014,1
801,20221003,1
801,20221004,1
801,20221005,1
801,20221006,1
801,20221007,1
801,20221010,1
801,20221011,1
801,20221012,1
801,20221013,1
801,20221014,1
56_1,20221003,1
56_1,20221004,1
56_1,20221005,1
56_1,20221006,1
56_1,20221007,1
56_1,20221010,1
56_1,20221011,1
56_1,20221012,1
56_1,20221013,1
56_1,20221014,1
3171_1,20221003,1
3171_1,20221004,1
3171_1,20221005,1
3171_1,20221006,1
3171_1,20221007,1
3171_1,20221010,1
3171_1,20221011,1
3171_1,20221012,1
3171_1,20221013,1
3171_1,20221014,1
234,20221003,1
234,20221004,1
234,20221005,1
234,20221006,1
234,20221007,1
234,20221010,1
234,20221011,1
234,20221012,1
234,20221013,1
234,20221014,1
711_1,20221008,1
711_1,20221015,1
126,20221003,1
126,20221004,1
126,20221005,1
126,20221006,1
126,20221007,1
126,20221010,1
126,20221011,1
126,20221012,1
126,20221013,1
126,20221014,1
33_4,20221003,1
33_4,20221004,1
33_4,20221005,1
33_4,20221006,1
33_4,20221007,1
33_4,20221010,1
33_4,20221011,1
33_4,20221012,1
33_4,20221013,1
33_4,20221014,1
114_3,20221008,1
114_3,20221015,1
103,20221002,1
103,20221009,1
14_4,20221008,1
14_4,20221015,1
6012,20221003,1
6012,20221004,1
6012,20221005,1
6012,20221006,1
6012,20221007,1
6012,20221010,1
6012,20221011,1
6012,20221012,1
6012,20221013,1
6012,20221014,1
65_1,20221003,1
65_1,20221004,1
65_1,20221005,1
65_1,20221006,1
65_1,20221007,1
65_1,20221010,1
65_1,20221011,1
65_1,20221012,1
65_1,20221013,1
65_1,20221014,1
406_2,20221007,1
406_2,20221014,1
3192_1,20221003,1
3192_1,20221004,1
3192_1,20221005,1
3192_1,20221006,1
3192_1,20221007,1
3192_1,20221010,1
3192_1,20221011,1
3192_1,20221012,1
3192_1,20221013,1
3192_1,20221014,1
213,20221002,1
213,20221009,1
308_2,20221003,1
308_2,20221004,1
308_2,20221005,1
308_2,20221006,1
308_2,20221007,1
308_2,20221010,1
308_2,20221011,1
308_2,20221012,1
308_2,20221013,1
308_2,20221014,1
314,20221003,1
314,20221004,1
314,20221005,1
314,20221006,1
314,20221007,1
314,20221010,1
314,20221011,1
314,20221012,1
314,20221013,1
314,20221014,1
82_1,20221003,1
82_1,20221004,1
82_1,20221005,1
82_1,20221006,1
82_1,20221007,1
82_1,20221010,1
82_1,20221011,1
82_1,20221012,1
82_1,20221013,1
82_1,20221014,1
3151_1,20221003,1
3151_1,20221004,1
3151_1,20221005,1
3151_1,20221006,1
3151_1,20221007,1
3151_1,20221010,1
3151_1,20221011,1
3151_1,20221012,1
3151_1,20221013,1
3151_1,20221014,1
23_4,20221003,1
23_4,20221004,1
23_4,20221005,1
23_4,20221006,1
23_4,20221007,1
23_4,20221010,1
23_4,20221011,1
23_4,20221012,1
23_4,20221013,1
23_4,20221014,1
310_1,20221003,1
310_1,20221004,1
310_1,20221005,1
310_1,20221006,1
310_1,20221007,1
310_1,20221010,1
310_1,20221011,1
310_1,20221012,1
310_1,20221013,1
310_1,20221014,1
6_3,20221002,1
6_3,20221009,1
503_2,20221003,1
503_2,20221004,1
503_2,20221005,1
503_2,20221006,1
503_2,20221007,1
503_2,20221010,1
503_2,20221011,1
503_2,20221012,1
503_2,20221013,1
503_2,20221014,1
128,20221003,1
128,20221004,1
128,20221005,1
128,20221006,1
128,20221007,1
128,20221010,1
128,20221011,1
128,20221012,1
128,20221013,1
128,20221014,1
7082,20221008,1
7082,20221015,1
43_5,20221003,1
43_5,20221004,1
43_5,20221005,1
43_5,20221006,1
43_5,20221007,1
43_5,20221010,1
43_5,20221011,1
43_5,20221012,1
43_5,20221013,1
43_5,20221014,1
207_3,20221003,1
207_3,20221004,1
207_3,20221005,1
207_3,20221006,1
207_3,20221007,1
207_3,20221010,1
207_3,20221011,1
207_3,20221012,1
207_3,20221013,1
207_3,20221014,1
3091_1,20221003,1
3091_1,20221004,1
3091_1,20221005,1
3091_1,20221006,1
3091_1,20221007,1
3091_1,20221010,1
3091_1,20221011,1
3091_1,20221012,1
3091_1,20221013,1
3091_1,20221014,1
26_3,20221002,1
26_3,20221009,1
103_3,20221003,1
103_3,20221004,1
103_3,20221005,1
103_3,20221006,1
103_3,20221007,1
103_3,20221010,1
103_3,20221011,1
103_3,20221012,1
103_3,20221013,1
103_3,20221014,1
3133_1,20221003,1
3133_1,20221004,1
3133_1,20221005,1
3133_1,20221006,1
3133_1,20221007,1
3133_1,20221010,1
3133_1,20221011,1
3133_1,20221012,1
3133_1,20221013,1
3133_1,20221014,1
203_5,20221003,1
203_5,20221004,1
203_5,20221005,1
203_5,20221006,1
203_5,20221007,1
203_5,20221010,1
203_5,20221011,1
203_5,20221012,1
203_5,20221013,1
203_5,20221014,1
13_3,20221002,1
13_3,20221009,1
116_4,20221003,1
116_4,20221004,1
116_4,20221005,1
116_4,20221006,1
116_4,20221007,1
116_4,20221010,1
116_4,20221011,1
116_4,20221012,1
116_4,20221013,1
116_4,20221014,1
129,20221003,1
129,20221004,1
129,20221005,1
129,20221006,1
129,20221007,1
129,20221010,1
129,20221011,1
129,20221012,1
129,20221013,1
129,20221014,1
152_1,20221002,1
152_1,20221009,1
231,20221003,1
231,20221004,1
231,20221005,1
231,20221006,1
231,20221007,1
231,20221010,1
231,20221011,1
231,20221012,1
231,20221013,1
231,20221014,1
106,20221002,1
106,20221009,1
3022_1,20221003,1
3022_1,20221004,1
3022_1,20221005,1
3022_1,20221006,1
3022_1,20221007,1
3022_1,20221010,1
3022_1,20221011,1
3022_1,20221012,1
3022_1,20221013,1
3022_1,20221014,1
405,20221002,1
405,20221009,1
6021,20221003,1
6021,20221004,1
6021,20221005,1
6021,20221006,1
6021,20221007,1
6021,20221010,1
6021,20221011,1
6021,20221012,1
6021,20221013,1
6021,20221014,1
210_3,20221003,1
210_3,20221004,1
210_3,20221005,1
210_3,20221006,1
210_3,20221007,1
210_3,20221010,1
210_3,20221011,1
210_3,20221012,1
210_3,20221013,1
210_3,20221014,1
113_4,20221003,1
113_4,20221004,1
113_4,20221005,1
113_4,20221006,1
113_4,20221007,1
113_4,20221010,1
113_4,20221011,1
113_4,20221012,1
113_4,20221013,1
113_4,20221014,1
14_5,20221003,1
14_5,20221004,1
14_5,20221005,1
14_5,20221006,1
14_5,20221007,1
14_5,20221010,1
14_5,20221011,1
14_5,20221012,1
14_5,20221013,1
14_5,20221014,1
135,20221003,1
135,20221004,1
135,20221005,1
135,20221006,1
135,20221007,1
135,20221010,1
135,20221011,1
135,20221012,1
135,20221013,1
135,20221014,1
4_5,20221003,1
4_5,20221005,1
4_5,20221010,1
4_5,20221012,1
WHF Su+Hol,20221002,1
WHF Su+Hol,20221009,1
34_3,20221002,1
34_3,20221009,1
30_5,20221008,1
30_5,20221015,1
2_5,20221008,1
2_5,20221015,1
3131_1,20221003,1
3131_1,20221004,1
3131_1,20221005,1
3131_1,20221006,1
3131_1,20221007,1
3131_1,20221010,1
3131_1,20221011,1
3131_1,20221012,1
3131_1,20221013,1
3131_1,20221014,1
504,20221002,1
504,20221009,1
502_2,20221003,1
502_2,20221004,1
502_2,20221005,1
502_2,20221006,1
502_2,20221007,1
502_2,20221010,1
502_2,20221011,1
502_2,20221012,1
502_2,20221013,1
502_2,20221014,1
3181_1,20221003,1
3181_1,20221004,1
3181_1,20221005,1
3181_1,20221006,1
3181_1,20221007,1
3181_1,20221010,1
3181_1,20221011,1
3181_1,20221012,1
3181_1,20221013,1
3181_1,20221014,1
6052,20221003,1
6052,20221004,1
6052,20221005,1
6052,20221006,1
6052,20221007,1
6052,20221010,1
6052,20221011,1
6052,20221012,1
6052,20221013,1
6052,20221014,1
105,20221002,1
105,20221009,1
28_3,20221002,1
28_3,20221009,1
27_3,20221002,1
27_3,20221009,1
506,20221002,1
506,20221009,1
204_1,20221002,1
204_1,20221009,1
125,20221003,1
125,20221004,1
125,20221005,1
125,20221006,1
125,20221007,1
125,20221010,1
125,20221011,1
125,20221012,1
125,20221013,1
125,20221014,1
228,20221003,1
228,20221004,1
228,20221005,1
228,20221006,1
228,20221007,1
228,20221010,1
228,20221011,1
228,20221012,1
228,20221013,1
228,20221014,1
127,20221003,1
127,20221004,1
127,20221005,1
127,20221006,1
127,20221007,1
127,20221010,1
127,20221011,1
127,20221012,1
127,20221013,1
127,20221014,1
219,20221008,1
219,20221015,1
28_4,20221003,1
28_4,20221004,1
28_4,20221005,1
28_4,20221006,1
28_4,20221007,1
28_4,20221010,1
28_4,20221011,1
28_4,20221012,1
28_4,20221013,1
28_4,20221014,1
2051_1,20221008,1
2051_1,20221015,1
502,20221002,1
502,20221009,1
754,20221008,1
754,20221015,1
419,20221008,1
419,20221015,1
123_1,20221003,1
123_1,20221004,1
123_1,20221005,1
123_1,20221006,1
123_1,20221007,1
123_1,20221010,1
123_1,20221011,1
123_1,20221012,1
123_1,20221013,1
123_1,20221014,1
66_1,20221003,1
66_1,20221004,1
66_1,20221005,1
66_1,20221006,1
66_1,20221007,1
66_1,20221010,1
66_1,20221011,1
66_1,20221012,1
66_1,20221013,1
66_1,20221014,1
34_4,20221003,1
34_4,20221004,1
34_4,20221005,1
34_4,20221006,1
34_4,20221007,1
34_4,20221010,1
34_4,20221011,1
34_4,20221012,1
34_4,20221013,1
34_4,20221014,1
8021,20221002,1
8021,20221009,1
112_3,20221008,1
112_3,20221015,1
9_6,20221003,1
9_6,20221004,1
9_6,20221005,1
9_6,20221006,1
9_6,20221007,1
9_6,20221010,1
9_6,20221011,1
9_6,20221012,1
9_6,20221013,1
9_6,20221014,1
123,20221003,1
123,20221004,1
123,20221005,1
123,20221006,1
123,20221007,1
123,20221010,1
123,20221011,1
123,20221012,1
123,20221013,1
123,20221014,1
424,20221003,1
424,20221004,1
424,20221005,1
424,20221006,1
424,20221007,1
424,20221010,1
424,20221011,1
424,20221012,1
424,20221013,1
424,20221014,1
226,20221003,1
226,20221004,1
226,20221005,1
226,20221006,1
226,20221007,1
226,20221010,1
226,20221011,1
226,20221012,1
226,20221013,1
226,20221014,1
3211_1,20221003,1
3211_1,20221004,1
3211_1,20221005,1
3211_1,20221006,1
3211_1,20221007,1
3211_1,20221010,1
3211_1,20221011,1
3211_1,20221012,1
3211_1,20221013,1
3211_1,20221014,1
25_4,20221003,1
25_4,20221004,1
25_4,20221005,1
25_4,20221006,1
25_4,20221007,1
25_4,20221010,1
25_4,20221011,1
25_4,20221012,1
25_4,20221013,1
25_4,20221014,1
213_2,20221003,1
213_2,20221004,1
213_2,20221005,1
213_2,20221006,1
213_2,20221007,1
213_2,20221010,1
213_2,20221011,1
213_2,20221012,1
213_2,20221013,1
213_2,20221014,1
143,20221003,1
143,20221004,1
143,20221005,1
143,20221006,1
143,20221007,1
143,20221010,1
143,20221011,1
143,20221012,1
143,20221013,1
143,20221014,1
7_3,20221002,1
7_3,20221009,1
510,20221008,1
510,20221015,1
67_1,20221003,1
67_1,20221004,1
67_1,20221005,1
67_1,20221006,1
67_1,20221007,1
67_1,20221010,1
67_1,20221011,1
67_1,20221012,1
67_1,20221013,1
67_1,20221014,1
3062_1,20221003,1
3062_1,20221004,1
3062_1,20221005,1
3062_1,20221006,1
3062_1,20221007,1
3062_1,20221010,1
3062_1,20221011,1
3062_1,20221012,1
3062_1,20221013,1
3062_1,20221014,1
3123_1,20221003,1
3123_1,20221004,1
3123_1,20221005,1
3123_1,20221006,1
3123_1,20221007,1
3123_1,20221010,1
3123_1,20221011,1
3123_1,20221012,1
3123_1,20221013,1
3123_1,20221014,1
28_6,20221003,1
28_6,20221004,1
28_6,20221005,1
28_6,20221006,1
28_6,20221007,1
28_6,20221010,1
28_6,20221011,1
28_6,20221012,1
28_6,20221013,1
28_6,20221014,1
108_2,20221003,1
108_2,20221004,1
108_2,20221005,1
108_2,20221006,1
108_2,20221007,1
108_2,20221010,1
108_2,20221011,1
108_2,20221012,1
108_2,20221013,1
108_2,20221014,1
2001,20221003,1
2001,20221004,1
2001,20221005,1
2001,20221006,1
2001,20221007,1
2001,20221010,1
2001,20221011,1
2001,20221012,1
2001,20221013,1
2001,20221014,1
52_1,20221003,1
52_1,20221004,1
52_1,20221005,1
52_1,20221006,1
52_1,20221007,1
52_1,20221010,1
52_1,20221011,1
52_1,20221012,1
52_1,20221013,1
52_1,20221014,1
6_6,20221003,1
6_6,20221004,1
6_6,20221005,1
6_6,20221006,1
6_6,20221007,1
6_6,20221010,1
6_6,20221011,1
6_6,20221012,1
6_6,20221013,1
6_6,20221014,1
8011,20221002,1
8011,20221009,1
8_6,20221003,1
8_6,20221004,1
8_6,20221005,1
8_6,20221006,1
8_6,20221007,1
8_6,20221010,1
8_6,20221011,1
8_6,20221012,1
8_6,20221013,1
8_6,20221014,1
105_1,20221002,1
105_1,20221009,1
23_5,20221008,1
23_5,20221015,1
3331_1,20221003,1
3331_1,20221004,1
3331_1,20221005,1
3331_1,20221006,1
3331_1,20221007,1
3331_1,20221010,1
3331_1,20221011,1
3331_1,20221012,1
3331_1,20221013,1
3331_1,20221014,1
11_3,20221002,1
11_3,20221009,1
8042,20221002,1
8042,20221009,1
153_2,20221003,1
153_2,20221004,1
153_2,20221005,1
153_2,20221006,1
153_2,20221007,1
153_2,20221010,1
153_2,20221011,1
153_2,20221012,1
153_2,20221013,1
153_2,20221014,1
49_1,20221003,1
49_1,20221004,1
49_1,20221005,1
49_1,20221006,1
49_1,20221007,1
49_1,20221010,1
49_1,20221011,1
49_1,20221012,1
49_1,20221013,1
49_1,20221014,1
2041_1,20221008,1
2041_1,20221015,1
306_2,20221006,1
306_2,20221007,1
306_2,20221013,1
306_2,20221014,1
141,20221003,1
141,20221004,1
141,20221005,1
141,20221006,1
141,20221007,1
141,20221010,1
141,20221011,1
141,20221012,1
141,20221013,1
141,20221014,1
218_1,20221008,1
218_1,20221015,1
39_3,20221002,1
39_3,20221009,1
205_1,20221002,1
205_1,20221009,1
604,20221002,1
604,20221009,1
8101,20221002,1
8101,20221009,1
105_3,20221003,1
105_3,20221004,1
105_3,20221005,1
105_3,20221006,1
105_3,20221007,1
105_3,20221010,1
105_3,20221011,1
105_3,20221012,1
105_3,20221013,1
105_3,20221014,1
220_1,20221003,1
220_1,20221004,1
220_1,20221005,1
220_1,20221006,1
220_1,20221007,1
220_1,20221010,1
220_1,20221011,1
220_1,20221012,1
220_1,20221013,1
220_1,20221014,1
112_4,20221003,1
112_4,20221004,1
112_4,20221005,1
112_4,20221006,1
112_4,20221007,1
112_4,20221010,1
112_4,20221011,1
112_4,20221012,1
112_4,20221013,1
112_4,20221014,1
59_1,20221003,1
59_1,20221004,1
59_1,20221005,1
59_1,20221006,1
59_1,20221007,1
59_1,20221010,1
59_1,20221011,1
59_1,20221012,1
59_1,20221013,1
59_1,20221014,1
420,20221008,1
420,20221015,1
719_1,20221008,1
719_1,20221015,1
36_5,20221008,1
36_5,20221015,1
50_1,20221003,1
50_1,20221004,1
50_1,20221005,1
50_1,20221006,1
50_1,20221007,1
50_1,20221010,1
50_1,20221011,1
50_1,20221012,1
50_1,20221013,1
50_1,20221014,1
114_4,20221003,1
114_4,20221004,1
114_4,20221005,1
114_4,20221006,1
114_4,20221007,1
114_4,20221010,1
114_4,20221011,1
114_4,20221012,1
114_4,20221013,1
114_4,20221014,1
112,20221002,1
112,20221009,1
422,20221003,1
422,20221004,1
422,20221005,1
422,20221006,1
422,20221007,1
422,20221010,1
422,20221011,1
422,20221012,1
422,20221013,1
422,20221014,1
309_2,20221003,1
309_2,20221004,1
309_2,20221005,1
309_2,20221006,1
309_2,20221007,1
309_2,20221010,1
309_2,20221011,1
309_2,20221012,1
309_2,20221013,1
309_2,20221014,1
3341_1,20221003,1
3341_1,20221004,1
3341_1,20221005,1
3341_1,20221006,1
3341_1,20221007,1
3341_1,20221010,1
3341_1,20221011,1
3341_1,20221012,1
3341_1,20221013,1
3341_1,20221014,1
402_2,20221003,1
402_2,20221004,1
402_2,20221005,1
402_2,20221006,1
402_2,20221007,1
402_2,20221010,1
402_2,20221011,1
402_2,20221012,1
402_2,20221013,1
402_2,20221014,1
401_1,20221008,1
401_1,20221015,1
102_2,20221008,1
102_2,20221015,1
211_1,20221002,1
211_1,20221009,1
6092,20221003,1
6092,20221004,1
6092,20221005,1
6092,20221006,1
6092,20221007,1
6092,20221010,1
6092,20221011,1
6092,20221012,1
6092,20221013,1
6092,20221014,1
319,20221003,1
319,20221004,1
319,20221005,1
319,20221006,1
319,20221007,1
319,20221010,1
319,20221011,1
319,20221012,1
319,20221013,1
319,20221014,1
211_3,20221003,1
211_3,20221004,1
211_3,20221005,1
211_3,20221006,1
211_3,20221007,1
211_3,20221010,1
211_3,20221011,1
211_3,20221012,1
211_3,20221013,1
211_3,20221014,1
6041,20221003,1
6041,20221004,1
6041,20221005,1
6041,20221006,1
6041,20221007,1
6041,20221010,1
6041,20221011,1
6041,20221012,1
6041,20221013,1
6041,20221014,1
237,20221003,1
237,20221004,1
237,20221005,1
237,20221006,1
237,20221007,1
237,20221010,1
237,20221011,1
237,20221012,1
237,20221013,1
237,20221014,1
6101,20221003,1
6101,20221004,1
6101,20221005,1
6101,20221006,1
6101,20221007,1
6101,20221010,1
6101,20221011,1
6101,20221012,1
6101,20221013,1
6101,20221014,1
3121_1,20221003,1
3121_1,20221004,1
3121_1,20221005,1
3121_1,20221006,1
3121_1,20221007,1
3121_1,20221010,1
3121_1,20221011,1
3121_1,20221012,1
3121_1,20221013,1
3121_1,20221014,1
146,20221003,1
146,20221004,1
146,20221005,1
146,20221006,1
146,20221007,1
146,20221010,1
146,20221011,1
146,20221012,1
146,20221013,1
146,20221014,1
3052_1,20221003,1
3052_1,20221004,1
3052_1,20221005,1
3052_1,20221006,1
3052_1,20221007,1
3052_1,20221010,1
3052_1,20221011,1
3052_1,20221012,1
3052_1,20221013,1
3052_1,20221014,1
19_4,20221003,1
19_4,20221004,1
19_4,20221005,1
19_4,20221006,1
19_4,20221007,1
19_4,20221010,1
19_4,20221011,1
19_4,20221012,1
19_4,20221013,1
19_4,20221014,1
317,20221006,1
317,20221007,1
317,20221013,1
317,20221014,1
111_3,20221008,1
111_3,20221015,1
407_6,20221003,1
407_6,20221004,1
407_6,20221005,1
407_6,20221006,1
407_6,20221007,1
407_6,20221010,1
407_6,20221011,1
407_6,20221012,1
407_6,20221013,1
407_6,20221014,1
305,20221002,1
305,20221009,1
101_3,20221003,1
101_3,20221004,1
101_3,20221005,1
101_3,20221006,1
101_3,20221007,1
101_3,20221010,1
101_3,20221011,1
101_3,20221012,1
101_3,20221013,1
101_3,20221014,1
501_3,20221003,1
501_3,20221004,1
501_3,20221005,1
501_3,20221006,1
501_3,20221007,1
501_3,20221010,1
501_3,20221011,1
501_3,20221012,1
501_3,20221013,1
501_3,20221014,1
15_6,20221003,1
15_6,20221004,1
15_6,20221005,1
15_6,20221006,1
15_6,20221007,1
15_6,20221010,1
15_6,20221011,1
15_6,20221012,1
15_6,20221013,1
15_6,20221014,1
3072_1,20221003,1
3072_1,20221004,1
3072_1,20221005,1
3072_1,20221006,1
3072_1,20221007,1
3072_1,20221010,1
3072_1,20221011,1
3072_1,20221012,1
3072_1,20221013,1
3072_1,20221014,1
147,20221003,1
147,20221004,1
147,20221005,1
147,20221006,1
147,20221007,1
147,20221010,1
147,20221011,1
147,20221012,1
147,20221013,1
147,20221014,1
202_3,20221003,1
202_3,20221004,1
202_3,20221005,1
202_3,20221006,1
202_3,20221007,1
202_3,20221010,1
202_3,20221011,1
202_3,20221012,1
202_3,20221013,1
202_3,20221014,1
101,20221002,1
101,20221009,1
218,20221002,1
218,20221009,1
5_3,20221002,1
5_3,20221009,1
34_6,20221003,1
34_6,20221004,1
34_6,20221005,1
34_6,20221006,1
34_6,20221007,1
34_6,20221010,1
34_6,20221011,1
34_6,20221012,1
34_6,20221013,1
34_6,20221014,1
414_1,20221003,1
414_1,20221004,1
414_1,20221005,1
414_1,20221006,1
414_1,20221007,1
414_1,20221010,1
414_1,20221011,1
414_1,20221012,1
414_1,20221013,1
414_1,20221014,1
2_4,20221003,1
2_4,20221004,1
2_4,20221005,1
2_4,20221006,1
2_4,20221007,1
2_4,20221010,1
2_4,20221011,1
2_4,20221012,1
2_4,20221013,1
2_4,20221014,1
11_6,20221003,1
11_6,20221004,1
11_6,20221005,1
11_6,20221006,1
11_6,20221007,1
11_6,20221010,1
11_6,20221011,1
11_6,20221012,1
11_6,20221013,1
11_6,20221014,1
7032,20221008,1
7032,20221015,1
606,20221003,1
606,20221004,1
606,20221005,1
606,20221006,1
606,20221007,1
606,20221010,1
606,20221011,1
606,20221012,1
606,20221013,1
606,20221014,1
8032,20221002,1
8032,20221009,1
16_6,20221003,1
16_6,20221004,1
16_6,20221005,1
16_6,20221006,1
16_6,20221007,1
16_6,20221010,1
16_6,20221011,1
16_6,20221012,1
16_6,20221013,1
16_6,20221014,1
62_1,20221003,1
62_1,20221004,1
62_1,20221005,1
62_1,20221006,1
62_1,20221007,1
62_1,20221010,1
62_1,20221011,1
62_1,20221012,1
62_1,20221013,1
62_1,20221014,1
421,20221003,1
421,20221004,1
421,20221005,1
421,20221006,1
421,20221007,1
421,20221010,1
421,20221011,1
421,20221012,1
421,20221013,1
421,20221014,1
6121,20221003,1
6121,20221004,1
6121,20221005,1
6121,20221006,1
6121,20221007,1
6121,20221010,1
6121,20221011,1
6121,20221012,1
6121,20221013,1
6121,20221014,1
1051_1,20221002,1
1051_1,20221009,1
2082_1,20221008,1
2082_1,20221015,1
406_1,20221008,1
406_1,20221015,1
12_3,20221002,1
12_3,20221009,1
409_2,20221003,1
409_2,20221004,1
409_2,20221005,1
409_2,20221006,1
409_2,20221007,1
409_2,20221010,1
409_2,20221011,1
409_2,20221012,1
409_2,20221013,1
409_2,20221014,1
2011_1,20221008,1
2011_1,20221015,1
418,20221002,1
418,20221009,1
207_1,20221003,1
207_1,20221004,1
207_1,20221005,1
207_1,20221006,1
207_1,20221007,1
207_1,20221010,1
207_1,20221011,1
207_1,20221012,1
207_1,20221013,1
207_1,20221014,1
8031,20221002,1
8031,20221009,1
Rail Su+Hol (JVL),20221002,1
Rail Su+Hol (JVL),20221009,1
WHF MTuWThF-XHol,20221003,1
WHF MTuWThF-XHol,20221004,1
WHF MTuWThF-XHol,20221005,1
WHF MTuWThF-XHol,20221006,1
WHF MTuWThF-XHol,20221007,1
WHF MTuWThF-XHol,20221010,1
WHF MTuWThF-XHol,20221011,1
WHF MTuWThF-XHol,20221012,1
WHF MTuWThF-XHol,20221013,1
WHF MTuWThF-XHol,20221014,1
721_1,20221008,1
721_1,20221015,1
604_3,20221003,1
604_3,20221004,1
604_3,20221005,1
604_3,20221006,1
604_3,20221007,1
604_3,20221010,1
604_3,20221011,1
604_3,20221012,1
604_3,20221013,1
604_3,20221014,1
3221_1,20221003,1
3221_1,20221004,1
3221_1,20221005,1
3221_1,20221006,1
3221_1,20221007,1
3221_1,20221010,1
3221_1,20221011,1
3221_1,20221012,1
3221_1,20221013,1
3221_1,20221014,1
3182_1,20221003,1
3182_1,20221004,1
3182_1,20221005,1
3182_1,20221006,1
3182_1,20221007,1
3182_1,20221010,1
3182_1,20221011,1
3182_1,20221012,1
3182_1,20221013,1
3182_1,20221014,1
230,20221003,1
230,20221004,1
230,20221005,1
230,20221006,1
230,20221007,1
230,20221010,1
230,20221011,1
230,20221012,1
230,20221013,1
230,20221014,1
36_3,20221002,1
36_3,20221009,1
110,20221002,1
110,20221009,1
311,20221008,1
311,20221015,1
753,20221008,1
753,20221015,1
